  19.36
  19.35
  19.25
  19.08
  18.96
  18.90
  18.80
  18.58
  18.18
  17.62
  17.11
  16.86
  16.68
  16.26
  15.59
  14.97
  14.54
  14.21
  13.88
  13.51
  13.07
  12.64
  12.28
  11.79
  11.24
  11.40
  12.75
  14.31
  14.43
  12.90
  11.17
  10.41
  10.47
  10.76
  11.00
  11.23
  11.37
  11.39
  11.41
  11.58
  11.87
  12.17
  12.50
  12.84
  13.15
  13.42
  13.82
  14.34
  14.76
  14.92
  15.00
  15.26
  15.71
  16.20
  16.66
  17.12
  17.61
  18.19
  18.98
  19.81
  20.19
  19.90
  19.37
  19.11
  19.16
  19.30
  19.40
  19.51
  19.64
  19.68
  19.56
  19.42
  30.06
  29.80
  29.40
  27.66
  25.99
  23.98
  22.34
  20.77
  19.95
  18.44
  17.04
  16.48
  15.07
  12.16
  11.26
   9.94
   8.58
   7.73
   7.81
   6.42
   6.29
   6.01
   6.03
   6.57
   5.43
   4.83
   4.53
   4.51
   7.02
   4.82
   4.18
   3.81
   3.97
   4.14
   4.40
   4.90
   5.33
   5.02
   5.07
   5.17
   5.29
   5.26
   5.03
   4.69
   4.49
   4.88
   5.35
   5.81
   6.02
   6.59
   7.67
   9.33
  11.67
  13.33
  36.73
 206.47
1139.90
1124.90
 701.32
 149.67
  91.48
  68.60
 138.47
 621.08
 874.06
 558.39
 317.49
  47.96
  28.27
  29.77
  29.74
  29.70
  40.64
  40.31
  37.61
 257.17
 266.42
  23.93
  19.41
  16.15
  12.77
   9.87
   7.13
   4.99
   2.90
   1.21
  -1.37
  -1.97
  -3.26
  -4.14
  -4.40
  -5.28
  30.74
  -1.83
  -1.40
  -1.36
  -0.61
  -0.39
   2.18
   2.06
   2.05
   2.59
   3.04
   3.58
   3.77
   4.05
   3.28
   3.07
   2.75
   1.99
   3.61
   2.53
   0.12
  -1.88
  -2.63
  -4.59
  -5.71
  -5.39
  -2.97
  -3.23
   4.72
  24.66
  -5.16
  -1.41
  -2.47
  -1.11
 123.56
 379.47
  83.74
  52.00
 627.74
1741.93
2156.98
2341.86
2545.39
2601.67
2357.45
2052.95
1634.95
 252.23
  32.95
  36.42
  40.15
  40.12
  48.93
  45.25
  42.00
  35.20
  27.10
  21.18
  17.08
  13.44
   8.86
   5.66
  62.42
  -0.98
  -3.70
  -5.41
  11.39
  -0.65
 120.62
  70.08
  52.47
  47.75
  35.84
  98.46
  42.29
  38.80
  71.43
  30.51
  -3.65
  -2.05
  34.24
   9.19
   1.68
   2.28
   2.22
   2.50
   2.11
   2.51
   1.85
   0.62
   0.56
   0.48
  -1.53
  -5.18
  -7.39
  -7.30
  -7.57
  -6.77
  -8.98
 342.71
 142.07
 149.41
 109.65
 -13.71
  38.40
  41.66
 236.87
 552.87
 526.12
   9.78
  14.17
  21.85
  23.88
1568.82
2584.66
2979.78
3226.42
2850.41
1079.11
 149.68
  53.71
  52.32
  51.99
  50.85
  48.14
  42.63
  39.24
 990.69
 314.66
 268.82
 222.46
 248.65
  11.71
  13.81
  64.76
  90.13
 131.03
 136.02
   1.07
   8.91
  44.58
 113.20
 620.70
 746.04
 290.56
 340.56
 344.16
 250.42
 109.56
1077.02
 353.21
 696.20
 360.49
 277.50
  99.64
 232.67
 200.35
 643.21
 492.91
 852.22
 146.39
   2.05
   1.85
 219.66
 502.02
 922.99
 806.43
 489.20
 607.47
 181.42
 278.43
 405.14
 292.20
 156.00
  48.63
  11.62
   2.49
 231.52
  -2.82
 169.11
 -19.43
  15.22
 750.30
  12.37
  24.27
 304.86
1843.59
2681.23
2697.54
 140.36
  60.14
  61.82
  63.16
  59.71
  54.98
  51.09
  47.56
 514.84
 901.33
 136.81
 119.95
 130.41
 193.56
  97.32
  80.00
 161.60
 117.70
 167.11
 116.26
  87.91
  71.18
  68.06
 112.52
 105.79
 442.03
 429.21
 452.99
 299.05
 361.33
 163.09
 268.77
 204.08
 266.73
 835.78
1318.76
 944.32
 529.80
1059.78
 293.81
 226.26
 512.73
 155.72
   4.97
   6.29
   7.73
 203.49
 315.54
 986.25
1148.79
1141.07
 976.29
1156.21
1699.63
 317.54
 247.05
 276.72
 363.83
 245.49
 118.48
 -23.82
 -42.50
 -26.06
  60.53
 -23.02
 270.10
   4.81
  15.16
  26.24
1909.56
 394.83
  51.88
  57.43
  64.29
  65.28
  62.86
  61.64
  58.47
  50.95
  45.64
  60.20
 149.85
  27.05
  37.19
 108.98
 170.64
 141.86
 125.50
 104.27
 168.70
 205.24
  97.12
  24.80
  42.74
  64.23
  54.44
 104.88
 156.09
 239.69
 347.68
 403.63
 808.54
1226.95
 843.70
1063.30
 734.28
 773.75
  14.16
  16.73
  16.97
 169.35
 114.15
   8.63
   2.86
   1.35
   2.67
  10.31
  12.62
  15.42
 133.46
  70.31
   8.79
   6.44
   2.49
1391.86
1566.72
 844.02
 430.14
 578.60
 486.45
 326.95
 240.30
 -41.57
 -48.00
 -46.17
 -31.39
 269.96
 113.25
 192.67
   7.78
  20.85
  34.08
  45.15
  54.16
  62.57
  62.49
  61.63
  60.66
  56.74
  57.94
 107.38
  44.23
  78.11
  93.99
 127.29
 173.02
 170.33
 190.75
 197.32
 159.90
 169.24
 144.16
 505.86
 189.03
 273.52
 159.64
  79.11
 159.60
 559.33
1121.53
1478.93
 677.29
 666.59
1021.70
 866.31
 755.61
 301.42
 838.62
 406.76
 134.74
  17.83
  20.82
 494.29
   2.32
   5.06
   8.93
   3.34
   3.65
   7.31
   7.03
   7.29
  11.07
   9.45
   5.08
  -1.16
  -7.42
   3.14
 645.93
 942.06
1979.22
 733.40
 568.76
 467.86
 189.41
 300.44
 180.88
 -23.38
 150.22
 471.12
 596.95
 428.52
 334.84
  17.12
  29.59
  42.22
  52.75
  59.91
  61.82
  61.33
  59.32
  60.65
 177.70
 171.69
 211.92
 586.89
1071.94
 205.61
 220.18
 181.30
 117.87
 165.32
  95.49
  -5.92
 -14.49
 197.62
  70.29
 323.95
 696.54
 587.04
 976.24
 793.66
 921.45
2670.85
1509.16
1559.69
1068.70
 675.88
 435.87
 343.92
 131.36
 771.48
 188.32
  20.96
  23.61
   9.83
   5.43
  -2.91
  -2.58
  -1.86
   0.12
   2.62
   4.01
   3.71
   0.84
  -3.37
  -8.50
 -14.53
 -19.82
 -21.82
 -22.44
  84.00
 725.99
1458.11
 797.50
 635.10
 291.87
 405.80
  27.90
 376.60
 321.59
 372.22
 283.66
 -17.04
 152.03
  19.22
  27.63
  37.06
  47.80
  57.37
  65.88
  63.45
  60.48
  55.04
  52.04
 100.20
 563.20
  46.68
 586.58
 119.15
 931.74
 154.71
  25.88
  19.83
1369.74
 513.41
  47.92
  74.27
 106.54
 174.35
2103.83
2298.11
2575.91
1903.96
 525.69
1213.66
1340.76
1117.97
1177.95
1348.58
 250.17
 757.90
 128.28
  28.39
 390.93
  11.00
  14.13
   5.78
  -2.25
  -7.17
 -10.13
  -9.81
  -9.33
  -7.39
  -6.76
  -7.99
 -10.11
 -13.84
 -19.22
 -23.72
 -28.41
 -30.29
 -28.99
1218.15
1449.46
1643.03
1948.85
1111.58
 430.19
 280.94
  98.46
 156.54
 304.73
 261.72
 -25.02
 -22.68
 -16.00
  -0.02
  16.82
  29.75
  44.03
  55.56
  62.64
  60.93
  56.46
  52.66
 795.15
 671.45
  45.95
  42.97
  65.16
  30.46
 526.68
 297.35
1259.33
1145.57
1497.87
1813.13
 -10.95
1377.32
 235.66
 553.49
4559.40
1852.29
1168.39
4571.85
2808.69
4204.11
2464.20
1561.21
1153.48
  -4.74
  29.43
 313.43
  29.56
  38.16
  27.42
  20.16
   9.72
   1.14
  -4.37
  -9.48
 -12.72
 -11.00
 -12.17
 -12.29
 -12.00
 -12.85
 -15.18
 -19.03
 -23.77
 -30.28
 -35.17
 -37.81
 -38.40
  47.28
1611.34
2170.29
2926.73
1175.76
 382.18
 309.52
 103.84
 356.39
  16.85
 -41.44
 -39.75
 -31.41
 -23.27
  -9.77
   5.22
  21.88
  38.00
  51.61
  54.93
  50.71
  47.86
  47.57
 232.43
1052.90
 716.52
 138.83
 140.21
  27.83
 184.19
   8.62
  16.57
 745.68
 256.73
 499.21
1810.54
 869.24
 992.48
2136.62
 291.14
4728.83
4919.52
5144.87
5068.57
4836.00
3428.38
1239.61
 120.04
  90.95
  13.74
  27.88
  70.75
  37.54
  20.11
  22.70
  12.42
   5.95
  -3.89
  -8.30
  -7.18
  -8.59
  -9.22
 -10.01
 -10.29
 -10.28
 -13.71
 -15.66
 -22.07
 -27.49
 -32.40
 -37.87
 -40.59
 -40.61
  26.29
 505.84
1496.09
 938.46
 200.99
  22.66
  49.96
  52.63
 -39.17
 -50.23
 -44.79
 -36.75
 -31.91
 -20.24
  -3.06
  15.42
  30.22
  36.87
  38.03
  35.15
  45.33
  43.09
 506.61
1300.15
 455.42
 500.15
 554.74
 596.83
 169.75
 230.18
 604.32
1066.11
 728.96
 222.69
 402.64
 630.61
1064.07
 322.61
 196.21
 148.52
 275.73
3513.80
2553.53
1853.06
2376.91
 904.72
 192.72
 538.35
  18.86
  31.62
  34.11
  40.96
  39.68
  30.04
  19.29
   9.86
   3.17
  -2.61
  -6.09
  -4.14
  -1.42
  -1.84
   1.76
  -0.37
  -5.18
 -10.30
 -15.36
 -22.04
 -29.54
 -36.48
 -42.79
 -44.80
 -42.66
 127.19
2155.76
1400.47
 -18.21
 -26.59
 -28.36
 -12.61
 -36.22
 -48.62
 -48.91
 -47.29
 -41.83
 -29.52
 -11.95
   4.52
  13.61
  21.78
  26.41
  28.02
  38.59
 143.88
 523.70
 398.39
 478.50
1075.90
 911.19
 687.75
 510.83
 453.99
 332.43
   6.47
 906.64
 433.99
  49.24
 563.38
 -43.70
 -50.06
 -20.54
 376.95
 389.34
 -32.29
 551.24
1014.10
1207.34
 183.76
 159.33
  11.50
  21.00
  32.14
  37.91
  44.27
  45.92
  35.53
  30.84
  20.60
  12.84
   5.99
   2.38
   1.34
   1.04
   5.64
   8.18
   9.89
   4.02
  -3.80
 -12.09
 -19.90
 -27.61
 -35.34
 -42.21
 -46.57
 -45.48
 -38.71
 -29.32
2173.13
 -15.08
 -23.81
 -15.49
  -0.25
 -25.55
 -43.61
 -50.80
 -51.43
 -45.95
 -35.60
 -20.70
  -8.71
   0.50
  13.00
  18.37
  24.23
  31.09
 336.27
 403.85
 286.70
 453.12
 584.71
 471.96
 272.31
 850.60
 513.24
 423.52
 782.32
 951.03
 638.65
 560.80
 -38.46
 -53.64
 -66.91
 -70.67
 448.83
 166.07
 -70.29
 -58.76
 324.03
 163.38
 -16.41
   0.85
  21.80
 126.00
  41.88
  43.67
  48.85
  51.56
  34.84
  38.31
  28.55
  22.54
  17.47
  11.79
   8.24
   6.84
   9.16
   9.83
   7.37
   6.24
  -1.82
  -8.27
 -16.47
 -24.57
 -33.86
 -40.85
 -45.38
 -44.42
 -37.33
 -28.04
   7.31
1964.83
 334.73
  -7.89
  -9.16
 -13.50
 -28.48
 -39.06
 -44.31
 -47.87
 -40.09
 -28.23
 -18.54
  -7.55
   7.75
  18.71
  26.46
  28.48
 219.72
 332.18
 342.18
 257.52
 575.81
 324.06
 356.56
 876.47
 669.88
 440.49
2199.83
 382.22
 -20.62
 -33.41
 -46.29
 -63.40
 -79.03
 -88.94
 620.90
 -91.37
 -75.37
 -57.33
 -38.13
 186.39
 504.87
  14.49
  35.83
  61.93
  53.13
  53.19
  55.81
  51.31
  45.12
  40.77
  34.26
  29.19
  23.32
  18.03
  13.58
  11.52
  10.89
  12.33
   9.95
   5.48
   0.53
  -3.80
  -9.57
 -18.30
 -27.97
 -36.33
 -41.67
 -41.62
 -35.34
 -25.65
 -14.39
  -7.08
  -2.78
  45.97
   4.18
  -5.86
 -15.54
 -33.20
 -38.53
 -46.30
 -43.67
 -35.43
 -22.40
 -13.25
  -1.87
  10.07
  17.08
  25.63
 288.79
 425.63
 331.68
 165.19
 230.37
 977.33
 454.53
 748.35
 489.30
 361.33
1855.92
 818.91
 486.94
 -52.34
 -53.56
 -67.85
 -86.05
 -96.18
 -99.57
 -94.84
 -75.57
 -58.25
 -28.31
 -10.90
   7.86
  28.13
  50.46
 161.24
  57.90
  65.50
  62.76
  62.45
  59.18
  52.57
  45.72
  35.52
  28.34
  24.07
  17.81
  14.63
  11.21
  13.15
  14.70
  12.93
   8.10
   2.83
  -3.96
 -12.28
 -20.97
 -27.71
 -32.91
 -33.94
 -30.61
 -23.51
 -15.03
  -7.98
  -1.96
   4.80
  12.73
 226.67
1522.02
  64.53
 328.04
 -31.71
 -38.54
 -37.96
 -25.72
 -10.51
   0.90
   9.16
  16.63
  20.80
  64.71
 424.70
 301.83
  16.28
  16.30
 643.58
 421.21
 417.69
 728.60
1071.75
 660.54
 184.59
 -45.21
 -51.06
 -57.29
 -68.96
 -83.33
 -96.22
-103.24
 -99.85
 -76.41
 -49.13
  63.43
 116.12
  21.02
 315.40
 154.25
  62.09
  62.31
  74.61
  70.18
  68.53
  64.51
  55.67
  52.81
  43.08
  34.39
  27.94
  21.24
  18.42
  15.23
  14.40
  16.28
  18.08
  13.92
   9.16
   2.78
  -4.89
 -12.54
 -19.07
 -24.78
 -26.87
 -24.41
 -20.40
 -15.74
 -10.42
  -4.71
   0.66
   8.82
 940.88
 282.90
 147.50
 291.02
 152.62
 164.62
 -29.03
 -22.99
 -10.61
   2.42
   9.31
  12.47
  15.18
  19.97
  19.88
  18.18
  17.36
  10.87
 516.74
 326.12
 470.09
 964.15
1185.66
1204.66
 -38.42
 -45.77
 -46.22
 -52.57
 -65.58
 -76.42
 -89.92
 -97.80
 -91.34
 -74.67
 -50.18
 -24.21
 251.78
  30.76
  65.18
  53.18
  83.96
  60.66
 136.32
 268.53
  77.25
  81.79
  67.61
  59.58
  48.35
  39.98
  32.14
  25.45
  20.28
  18.04
  16.27
  15.40
  15.40
  14.37
  10.38
   4.99
  -1.70
  -7.66
 -13.29
 -17.68
 -19.81
 -18.29
 -16.23
 -14.67
 -12.94
 -10.11
  -4.23
   5.03
 399.60
 129.63
  81.20
  24.54
  25.35
  27.03
  46.65
 -15.05
 -11.21
  -5.79
  -0.23
   5.96
  13.42
  20.02
  19.36
  18.27
  10.67
   8.51
  34.02
 789.37
 882.05
 779.81
1203.55
 397.65
 -35.75
 -39.70
 -37.07
 -41.87
 -52.30
 -62.99
 -74.36
 -83.71
 -80.37
 -70.83
 -54.86
 -31.68
 -13.18
 375.50
 332.20
  39.32
  45.21
  47.00
  53.22
  69.58
 124.68
 376.76
  70.05
  85.27
  58.12
  48.97
  39.63
  32.77
  24.94
  20.68
  17.42
  14.75
  10.66
   9.40
   4.62
   1.98
  -1.36
  -7.36
 -10.80
 -12.86
 -13.35
 -11.58
 -10.34
 -12.15
 -12.64
 -11.80
  -6.98
  -0.12
2328.65
 205.59
 106.55
  74.03
 262.55
 275.77
 219.97
 208.04
 557.48
  -9.59
  -6.34
   0.21
   9.99
  15.75
  15.71
  16.13
  12.07
  14.16
  35.61
1385.15
1191.65
1260.09
1139.47
 465.18
 -26.25
 -24.51
 -27.19
 -30.33
 -35.62
 -44.06
 -56.71
 -65.04
 -65.93
 -64.34
 -56.16
 -39.37
 -23.60
  -9.34
   4.25
  14.96
  31.84
  42.57
  78.18
  59.84
 111.41
  66.30
  65.55
  67.53
  62.87
  60.60
  57.12
  48.42
  38.80
  28.45
  18.46
  14.32
   8.14
   4.11
   0.09
  -4.03
  -6.09
  -8.35
  -8.81
  -8.24
  -6.94
  -4.87
  -5.16
  -8.16
  -8.75
  -7.90
  -5.00
   0.70
  27.67
2564.40
 285.59
 268.01
 323.66
 303.49
 428.74
 767.80
  -9.55
  -8.19
  -7.23
  -2.63
   5.55
  10.34
  12.50
  13.03
  15.97
  17.46
1051.06
1068.14
1008.98
 777.27
1048.15
   0.97
 -14.22
 963.10
 -15.87
 -16.95
 -18.73
 -23.86
 -35.78
 -43.96
 -51.80
 -50.57
 -51.18
 -46.49
 -38.95
 -27.16
 -13.79
  -1.66
  76.17
 440.07
 267.66
 219.26
 183.10
  59.57
  61.13
  59.47
  60.09
  59.04
  64.92
 162.38
  49.41
  30.22
  19.65
  12.49
   7.55
   4.37
  -1.09
  -5.38
  -8.89
 -10.56
  -9.36
  -6.56
  -3.53
  -1.64
  -2.30
  -3.96
  -5.09
  -4.24
  -1.81
   3.18
  14.11
  20.35
3969.48
 326.08
 133.91
 723.72
 776.96
 682.59
  -9.08
  -6.39
  -6.63
  -2.98
   4.75
  10.36
  13.12
  14.50
  21.12
  24.73
  26.43
1643.59
1076.57
 875.02
 167.29
   0.40
  -0.93
 157.08
  -3.96
  -3.77
  -4.19
  -7.62
 -16.27
 -26.68
 -34.67
 -38.06
 -44.61
 -45.71
 -39.91
 -32.01
 -23.52
 570.01
 323.23
 420.65
 633.67
 237.96
 248.29
 335.14
  52.20
  50.23
  53.31
  58.56
  55.17
  52.25
  52.69
  31.06
  19.46
  12.11
   6.21
   0.54
  -5.24
  -8.34
 -10.50
 -11.04
 -10.18
  -7.51
  -4.29
  -3.07
  -2.93
  -2.53
  -1.55
   0.30
   2.36
   6.73
  11.32
  19.67
4671.61
 262.67
 164.50
 336.52
 657.51
 257.94
  -9.16
  -6.32
  -5.48
  -1.54
   4.97
  11.84
  13.39
  16.57
  24.24
  25.36
  28.00
 853.43
1212.88
1532.13
  60.61
  10.99
   9.20
  11.35
   6.37
   6.67
   7.98
   4.67
  -1.19
 -10.56
 -19.71
 -26.58
 -35.23
 -38.03
 -37.78
 -38.08
 -29.69
 422.10
 488.64
 398.06
 370.79
  16.79
 149.38
 272.01
 198.79
  36.85
  42.56
  46.16
  49.60
  47.98
  45.64
  31.56
  18.75
  10.05
   3.54
  -0.60
  -3.42
  -5.77
 -11.23
 -12.92
 -11.41
  -9.47
  -7.96
  -5.99
  -4.65
  -3.17
  -1.47
   1.05
   3.38
   6.44
  12.51
  15.92
2050.46
 152.68
  78.24
 504.24
  -0.11
  -9.76
  -7.60
  -1.39
   1.33
   5.86
  10.38
  14.51
  15.73
  19.06
  22.33
  23.74
  26.88
  33.38
 910.29
 521.25
  25.15
  20.91
  24.45
  25.41
  22.64
  22.66
  17.74
  14.19
   8.75
   3.07
  -5.98
 -13.60
 -23.77
 -31.43
 -38.22
 -39.92
 -37.93
 280.31
 229.92
 -19.56
 -13.20
 121.45
  75.51
 268.01
  29.25
  24.06
  30.26
  35.24
  40.72
  42.67
  21.87
  24.50
  15.91
   8.99
   3.03
  -0.62
  -3.76
  -8.56
 -10.10
 -11.61
 -10.92
 -10.57
 -10.32
  -9.20
  -7.93
  -6.22
  -4.75
  -1.83
   0.21
   4.70
  10.81
  13.60
 544.38
 139.57
 104.87
  10.22
  -2.86
  -7.02
  -5.12
   2.11
   7.27
  12.61
  16.24
  16.88
  16.18
  19.23
  18.51
  22.83
  25.88
  27.69
  29.58
  31.28
  31.57
  30.61
  35.91
  40.04
  36.90
  28.04
  25.19
  22.77
  16.82
  13.49
   4.78
  -3.48
 -12.49
 -21.84
 -29.42
 -34.17
 -36.65
 -36.84
 -34.36
 -30.09
 -24.54
 -13.71
 231.84
 337.51
   6.10
  10.31
  14.59
  23.61
  26.93
 130.23
  22.99
  15.04
  11.28
   5.62
   1.79
  -3.00
  -6.82
  -9.70
 -10.60
 -11.43
 -11.49
 -11.76
 -11.87
 -10.11
  -9.22
  -7.29
  -4.29
  -1.98
  -0.42
   4.27
  10.31
 369.87
 402.49
 288.53
  29.57
   2.63
  -3.83
  -6.45
  -5.08
   2.02
  10.59
  17.38
  21.89
  21.70
  20.27
  16.97
  21.43
  24.42
  28.34
  30.07
  33.04
  34.51
  34.93
  42.80
  44.26
  43.81
  42.00
  36.59
  31.19
  29.12
  25.28
  21.24
  15.64
   8.33
  -0.21
  -9.67
 -17.92
 -24.77
 -29.12
 -29.97
 -29.32
 -26.96
 -22.98
 -17.68
 -14.45
 145.20
  -6.12
  -2.81
   1.48
   7.64
 537.41
  14.02
  12.84
   4.83
  -0.91
  -1.92
  -4.12
  -6.73
 -10.24
 -12.21
 -13.51
 -13.52
 -12.48
 -11.41
 -11.04
  -9.78
  -8.94
  -7.49
  -4.98
  -2.04
   1.68
   6.12
  11.26
 778.06
 504.16
  12.50
   6.32
  -0.68
  -2.62
  -6.34
  -4.39
   2.40
  11.08
  18.92
  24.75
  25.41
  23.77
  21.45
  22.87
  25.76
  27.13
  30.95
  33.21
  35.05
  42.80
  44.46
  43.91
  45.71
  45.72
  41.56
  36.76
  39.37
  33.87
  28.27
  22.35
  15.40
   7.61
  -0.06
  -8.08
 -15.02
 -20.39
 -23.59
 -24.59
 -23.64
 -20.82
 -17.32
 -16.23
 -13.40
 -14.04
 -12.56
  -7.56
  -1.98
  -3.82
  -4.22
 -10.02
 -11.89
 -12.92
 -12.88
 -12.91
 -12.58
 -13.89
 -15.61
 -16.45
 -15.10
 -12.82
 -10.71
  -9.41
  -8.94
  -9.22
  -8.23
  -5.96
  -3.22
   0.36
   4.43
   8.15
 950.04
 232.92
  11.86
   6.18
  -0.46
  -2.57
  -1.12
   0.15
   5.15
  12.17
  18.67
  24.17
  27.89
  26.76
  24.26
  27.16
  26.86
  30.10
  34.08
  37.05
  37.24
  38.89
  44.84
  48.55
  46.68
  43.75
  40.56
  36.69
  35.46
  38.37
  33.09
  24.20
  17.19
  10.53
   3.72
  -3.02
  -9.39
 -15.35
 -19.73
 -22.33
 -23.03
 -21.86
 -20.49
 -18.50
 -19.26
 -19.06
 -18.96
 -18.32
 -17.50
 -19.23
 -25.73
 -27.01
 -26.53
 -25.00
 -23.56
 -21.84
 -20.69
 -19.07
 -18.05
 -18.42
 -17.76
 -14.70
 -11.76
 -10.43
 -10.98
 -11.36
 -10.27
  -8.06
  -6.77
  -3.44
   1.37
   5.39
 161.82
  11.93
  13.18
  11.33
   7.31
   7.00
   6.99
   9.74
  15.41
  15.68
  20.02
  22.58
  25.19
  27.44
  28.00
  21.18
  19.83
  21.13
  25.69
  28.53
  30.41
  33.75
  36.94
  38.48
  38.34
  36.21
  35.44
  34.43
  33.14
  31.65
  29.36
  21.66
  15.01
   9.55
   2.81
  -3.46
  -9.06
 -15.04
 -20.11
 -23.98
 -26.79
 -27.72
 -27.59
 -25.85
 -24.62
 -25.57
 -30.59
 -33.05
 -37.77
 -40.78
 -41.18
 -40.98
 -39.70
 -36.99
 -33.73
 -30.61
 -27.89
 -26.20
 -25.47
 -23.79
 -21.98
 -20.27
 -19.10
 -18.26
 -17.96
 -16.49
 -14.11
 -12.12
  -9.63
  -6.61
  -2.36
   1.90
   7.77
  14.12
  17.78
  20.60
  19.92
  20.00
  19.39
  20.57
  23.03
  22.65
  17.40
  20.37
  20.66
  22.66
  22.23
  15.38
  19.00
  22.53
  23.34
  23.59
  24.51
  25.81
  29.43
  31.65
  31.27
  30.17
  31.15
  30.03
  27.67
  25.34
  22.21
  18.54
  11.34
   3.98
  -1.70
  -8.09
 -13.29
 -20.17
 -25.32
 -30.69
 -34.03
 -37.43
 -39.21
 -38.68
 -37.74
 -36.20
 -36.34
 -39.35
 -42.77
 -47.45
 -49.16
 -48.40
 -46.70
 -44.61
 -42.67
 -40.78
 -39.05
 -37.82
 -36.65
 -35.61
 -33.94
 -31.92
 -29.69
 -27.37
 -25.69
 -23.68
 -21.27
 -18.38
 -14.74
 -11.30
  -7.08
  -1.13
   5.20
  12.04
  16.10
  23.13
  21.49
  19.74
  19.94
  18.96
  18.31
  17.42
  15.35
  13.17
  12.22
  12.65
  12.98
  12.33
  14.67
  15.76
  15.47
  15.86
  17.68
  22.34
  24.44
  61.68
 392.25
1418.67
1314.37
 598.29
 265.03
  21.31
  18.35
 504.59
1269.91
1604.24
1729.71
1800.45
1630.04
1103.82
 917.21
1307.87
1160.06
1607.87
1669.56
 877.91
 -40.07
 -50.60
 -50.28
 -52.62
 -53.72
 -55.77
 -57.66
 -59.21
 -57.72
 -56.16
 -54.80
 -54.39
 -53.00
 -50.74
 -47.81
 -45.59
 -42.22
 -38.27
 -35.78
 -33.62
 -30.87
 -28.62
 -26.47
 -23.42
 -19.52
 -14.74
 -10.63
  -6.13
   2.52
 250.48
  10.71
  10.87
   7.64
   8.30
   8.42
   8.22
   7.39
   6.39
   6.14
   6.82
   7.19
   8.62
  10.68
2471.64
2955.89
3047.46
2751.21
2673.02
2997.38
2284.77
2608.81
2782.85
2828.05
2683.15
2444.51
1646.65
 235.90
1591.25
2755.32
3122.35
3242.38
3338.79
3321.67
3000.00
2819.92
2935.22
2950.17
2966.38
2987.26
2829.81
2655.17
2353.34
2205.10
2162.29
2195.58
1907.99
1244.78
 -57.57
 -60.39
 -61.78
 -65.27
 -64.79
 -63.95
 -62.74
 -61.09
 -58.63
 -55.31
 -51.74
 -48.05
 -42.83
 -39.07
 -34.83
 -32.46
 -29.98
  47.19
  31.15
 -19.41
 -15.78
 -14.21
  11.15
   6.14
 181.01
 897.15
  -2.60
  -1.28
  -0.92
  -2.05
  -2.65
  -1.37
  -0.89
   0.08
   4.47
 343.31
1238.57
1534.51
2972.68
3339.06
3382.89
3358.93
3362.45
3333.04
3291.44
3301.41
3280.15
3063.74
2846.93
2729.38
2734.40
2893.79
3126.95
3218.93
3389.44
3648.13
3676.87
3647.68
3498.00
3309.32
3164.28
3076.01
3064.10
3010.33
2708.23
2587.30
2506.55
2346.18
2241.64
2164.19
1083.17
 273.96
 -54.40
 -55.12
 -56.99
 -56.50
 -56.79
 -56.49
  70.59
 307.75
 250.95
 934.43
1349.45
1728.71
1786.64
1791.18
1647.99
1355.70
1373.94
1390.21
1460.95
1496.05
1594.83
  62.28
 193.43
 194.95
  -5.94
 -15.86
 -14.67
 -14.36
  72.48
 -13.23
 -12.61
 394.52
 933.41
1656.90
2234.18
2769.67
2834.37
2818.70
2725.33
2958.21
3088.45
3155.18
3265.20
3351.22
3496.65
3588.42
3691.60
3702.75
3754.18
3816.24
3839.01
4007.90
3939.53
3839.43
3714.66
3721.35
3486.58
3388.09
3291.28
3254.61
3095.63
3041.86
2891.78
2749.70
2650.38
2453.67
2362.68
2222.46
2118.67
1801.36
1097.52
 313.76
 -44.99
 -45.56
 -46.27
 -47.03
 -47.12
 -46.90
 -46.69
 255.45
 321.66
 383.37
 525.11
 589.39
 726.72
 790.84
1301.39
1535.70
1998.76
2257.32
2134.99
2088.84
1650.59
1020.89
 584.67
 420.55
 230.68
 174.51
 240.28
 845.48
 506.82
 700.26
1189.22
1420.38
1547.43
2047.24
2445.71
2732.52
2771.97
2664.84
2712.13
2712.62
2848.41
2848.78
2874.70
2854.48
2932.18
2932.22
3009.35
3017.73
3008.39
3038.28
3037.79
3045.89
3019.30
3044.75
3018.27
3034.46
3033.68
3041.82
3015.09
3038.24
3011.71
3002.93
2956.96
2956.53
2947.83
2947.53
2964.78
2964.58
2974.03
2974.06
2948.19
2949.44
2962.51
3002.07
3046.38
3029.98
2990.79
2869.93
2815.04
2677.97
2541.43
2445.40
2353.17
2348.50
2366.28
2366.83
2344.89
2344.91
2370.85
2371.31
2337.07
2324.71
2196.65
2162.99
2094.53
2095.33
2210.25
2370.58
2413.41
2412.73
2427.68
2385.90
2438.74
2439.70
2551.52
2602.33
2625.09
2658.87
2676.02
2667.23