 2015 3 24 1 31 55 0.1136000007390976 -76.28099822998047
 2015 3 24 3 30 30 0.8830000162124634 -4.522299766540527
 2015 3 24 8 37 51 -0.7577999830245972 4.480999946594238
 2015 3 24 10 50 33 0.5515000224113464 114.83080291748047
 2015 3 24 10 45 45 2.6809000968933105 98.04109954833984
 2015 3 27 5 44 25 -0.6281999945640564 26.74690055847168
 2015 3 27 17 52 17 -5.090000152587891 99.80339813232422
 2015 3 27 17 55 12 -1.343400001525879 109.73179626464844
 2015 3 29 17 49 20 3.8050999641418457 -78.48780059814453
 2015 3 29 23 21 23 -5.6504998207092285 20.36479949951172
 2015 3 30 8 2 2 3.2455999851226807 76.14630126953125
 2015 3 30 9 50 36 0.12929999828338623 102.3093032836914
 2015 3 30 18 15 42 -3.7569000720977783 101.53230285644531
 2015 3 31 7 12 18 3.3935000896453857 -10.066100120544434
 2015 3 31 14 35 18 -2.537899971008301 133.15870666503906
 2015 3 31 14 39 7 -4.9720001220703125 143.37269592285156
 2015 4 1 6 27 6 2.8171000480651855 -76.95659637451172
 2015 4 2 5 14 46 -2.3025999069213867 121.36150360107422
 2015 4 3 1 1 20 -2.688800096511841 27.863100051879883
 2015 4 3 4 17 59 -0.012900000438094139 7.399199962615967
 2015 4 4 4 24 47 1.0885000228881836 128.19529724121094
 2015 4 4 11 12 30 -3.973900079727173 140.42539978027344
 2015 4 4 11 38 45 -1.4420000314712524 -125.12120056152344
 2015 4 5 23 45 50 -0.24150000512599945 37.8927001953125
 2015 4 6 1 56 28 -1.3041000366210938 149.65159606933594
 2015 4 6 14 49 59 -1.909000039100647 23.06049919128418
 2015 4 7 8 13 16 -3.003499984741211 139.94720458984375
 2015 4 8 7 12 19 -0.4081999957561493 20.865299224853516
 2015 4 9 5 7 0 0.9879000186920166 27.412799835205078
 2015 4 9 3 16 30 5.975200176239014 -4.510000228881836
 2015 4 11 10 52 19 1.1699999570846558 8.810099601745605
 2015 4 11 11 21 16 1.1484999656677246 116.78610229492188
 2015 4 12 20 56 56 2.7193000316619873 94.40740203857422
 2015 4 13 12 6 36 0.0071000000461936 99.543701171875
 2015 4 13 17 9 54 2.0696001052856445 97.53299713134766
 2015 4 15 7 2 20 -0.8931999802589417 -79.21109771728516
 2015 4 15 7 27 20 0.37310001254081726 8.523200035095215
 2015 4 17 14 59 11 -2.4430999755859375 16.271699905395508
 2015 4 17 15 31 7 1.3315999507904053 126.68289947509766
 2015 4 18 8 18 26 0.7160999774932861 120.24859619140625
 2015 4 18 21 41 49 -0.4555000066757202 99.60230255126953
 2015 4 20 5 47 57 -0.7167999744415283 130.94000244140625
 2015 4 21 5 21 58 -1.7353999614715576 131.56739807128906
 2015 4 21 10 22 6 0.26179999113082886 123.79209899902344
 2015 4 22 9 53 52 -0.38339999318122864 114.61620330810547
 2015 4 22 14 58 0 0.24869999289512634 123.25749969482422
 2015 4 22 20 48 54 -2.5025999546051025 -63.70280075073242
 2015 4 23 19 1 2 -1.434499979019165 2.9430999755859375
 2015 4 25 10 10 42 1.777899980545044 98.82350158691406
 2015 4 26 10 54 24 -1.6441999673843384 -2.5392000675201416
 2015 4 27 15 29 50 2.5139000415802 -11.73900032043457
 2015 4 28 23 4 49 5.3979997634887695 -88.60379791259766
 2015 4 30 0 18 34 8.87660026550293 -96.95059967041016
 2015 4 30 4 37 55 -3.1022000312805176 108.14009857177734
 2015 5 1 2 29 30 -1.4984999895095825 105.64340209960938
 2015 5 2 13 25 26 -0.3147999942302704 21.289199829101562
 2015 5 5 9 12 52 2.0759999752044678 129.49290466308594
 2015 5 6 22 8 48 -5.522200107574463 109.6323013305664
 2015 5 8 15 47 59 -1.7648999691009521 24.250600814819336
 2015 5 9 12 23 28 -0.729200005531311 110.97989654541016
 2015 5 9 17 24 9 -4.917300224304199 100.39689636230469
 2015 5 10 11 26 51 4.419300079345703 3.984100103378296
 2015 5 10 18 40 5 -1.7752000093460083 113.03209686279297
 2015 5 11 13 58 45 4.013000011444092 -78.11170196533203
 2015 5 11 16 8 48 -0.4268999993801117 28.173999786376953
 2015 5 14 13 35 16 0.20190000534057617 121.64759826660156
 2015 5 15 10 52 1 1.2403000593185425 2.4470999240875244
 2015 5 15 21 1 28 -1.079800009727478 14.639100074768066
 2015 5 16 4 28 20 0.680899977684021 168.63720703125
 2015 5 16 5 18 6 4.886499881744385 -16.622400283813477
 2015 5 18 11 40 58 -5.6350998878479 101.37889862060547
 2015 5 19 9 34 2 -2.137399911880493 104.47630310058594
 2015 5 20 14 57 7 2.121299982070923 -86.8781967163086
 2015 5 21 9 28 13 4.691500186920166 -77.37300109863281
 2015 5 21 17 6 30 0.7365999817848206 111.0687026977539
 2015 5 23 1 2 7 1.1674000024795532 104.60530090332031
 2015 5 23 2 19 52 4.836400032043457 25.31559944152832
 2015 5 23 19 8 59 -1.1750999689102173 24.9468994140625
 2015 5 23 21 12 11 -0.16279999911785126 99.43350219726562
 2015 5 25 12 3 47 -2.449899911880493 138.27549743652344
 2015 5 25 15 25 22 -1.9128999710083008 137.77740478515625
 2015 5 26 8 15 27 -2.947000026702881 139.29159545898438
 2015 5 26 19 52 37 0.8181999921798706 105.73290252685547
 2015 5 29 16 54 4 0.2102999985218048 121.34500122070312
 2015 5 30 14 43 39 0.7513999938964844 109.34590148925781
 2015 5 31 0 48 58 1.4217000007629395 109.07530212402344
 2015 5 31 10 55 1 0.9081000089645386 113.6322021484375
 2015 6 1 2 0 14 -2.204900026321411 98.88990020751953
 2015 6 1 12 9 1 4.107399940490723 113.69640350341797
 2015 6 2 9 54 44 0.6726999878883362 90.00659942626953
 2015 6 2 23 27 29 -0.2865999937057495 108.1707992553711
 2015 6 2 23 30 51 -2.0536999702453613 118.58619689941406
 2015 6 4 12 27 9 0.013799999840557575 108.5000991821289
 2015 6 4 15 50 29 -1.3720999956130981 113.4032974243164
 2015 6 5 5 12 20 -2.2202999591827393 94.44200134277344
 2015 6 5 18 43 24 -1.5247999429702759 108.44619750976562
 2015 6 5 22 0 55 -4.536200046539307 91.09590148925781
 2015 6 6 13 12 23 -5.313499927520752 102.66020202636719
 2015 6 9 11 58 54 -2.7653000354766846 135.48109436035156
 2015 6 11 16 4 14 0.3497999906539917 119.38020324707031
 2015 6 13 8 29 19 -0.946399986743927 132.18260192871094
 2015 6 14 21 10 7 -4.132500171661377 64.02449798583984
 2015 6 18 15 48 58 1.5951000452041626 28.141000747680664
 2015 6 20 14 52 55 -0.11969999969005585 26.451400756835938
 2015 6 21 0 59 8 -0.31189998984336853 24.17770004272461
 2015 6 23 18 55 32 -3.4342000484466553 101.3761978149414
 2015 6 27 12 49 21 6.059000015258789 -92.75769805908203
 2015 6 27 14 30 46 6.286200046539307 -90.29509735107422
 2015 6 27 16 9 9 5.711299896240234 -98.87169647216797
 2015 6 27 22 11 9 1.7139999866485596 110.42050170898438
 2015 6 28 23 24 40 1.6895999908447266 111.6218032836914
 2018 1 19 20 52 4 -2.5113000869750977 78.54650115966797
 2018 1 25 15 41 30 -1.736299991607666 27.765300750732422
 2018 1 29 8 54 41 -0.4431999921798706 116.11579895019531
 2018 2 2 21 37 45 1.3666000366210938 76.11019897460938
 2018 2 14 0 23 11 -5.214700222015381 146.8843994140625
 2018 2 17 22 12 28 -2.0107998847961426 142.51820373535156
 2018 2 18 21 26 5 -1.502500057220459 98.7667007446289
 2018 2 19 9 18 50 1.4184999465942383 126.7063980102539
 2018 2 19 14 15 58 5.30649995803833 115.71739959716797
 2018 2 19 17 0 39 4.080100059509277 -14.0068998336792
 2018 2 20 16 59 11 2.419100046157837 97.5248031616211
 2018 2 22 12 37 28 -2.326200008392334 114.16680145263672
 2018 2 23 4 52 56 -3.9651999473571777 2.1703999042510986
 2018 2 23 5 24 15 -2.127500057220459 119.33589935302734
 2018 2 25 4 22 13 -1.7838000059127808 126.23030090332031
 2018 2 25 19 24 12 -0.520799994468689 120.85970306396484
 2018 2 26 3 57 23 2.244499921798706 156.36239624023438
 2018 2 27 6 34 39 5.442999839782715 118.4312973022461
 2018 2 28 16 8 40 -2.0025999546051025 122.67070007324219
 2018 3 1 6 40 31 2.2679998874664307 9.432999610900879
 2018 3 1 22 19 34 -1.4651999473571777 134.65899658203125
 2018 3 2 23 17 46 1.4336999654769897 98.34300231933594
 2018 3 3 0 59 41 -1.6669000387191772 101.69770050048828
 2018 3 5 13 30 23 -4.2881999015808105 145.83009338378906
 2018 3 6 16 17 56 -3.8196001052856445 144.5113067626953
 2018 3 8 17 58 12 -1.3933000564575195 9.782999992370605
 2018 3 9 14 32 0 -1.7002999782562256 114.56800079345703
 2018 3 12 5 42 39 1.4970999956130981 9.066499710083008
 2018 3 12 11 18 53 -3.0418999195098877 135.00770568847656
 2018 3 13 5 37 13 -0.8468999862670898 104.58219909667969
 2018 3 17 9 58 8 -1.3072999715805054 66.6178970336914
 2018 3 19 12 24 21 -1.9859000444412231 103.8406982421875
 2018 3 21 11 11 4 -0.6158999800682068 78.83609771728516
 2018 3 21 19 45 25 4.52239990234375 118.96440124511719
 2018 3 22 1 57 43 1.8391000032424927 11.640000343322754
 2018 3 26 13 42 48 1.3173999786376953 123.72799682617188
 2018 3 28 4 10 35 -2.5120999813079834 111.24939727783203
 2018 3 28 7 33 19 -1.3703999519348145 114.50299835205078
 2018 3 29 13 38 32 3.463200092315674 98.60479736328125
 2018 3 30 9 42 26 0.7085000276565552 92.37460327148438
 2018 3 31 19 15 33 1.6548999547958374 101.73760223388672
 2018 4 1 6 31 12 2.044600009918213 2.820199966430664
 2018 4 1 7 4 21 -0.7386000156402588 116.81839752197266
 2018 4 2 7 18 26 0.056299999356269836 -75.75399780273438
 2018 4 2 14 41 51 2.537899971008301 74.30280303955078
 2018 4 3 0 50 48 -0.5232999920845032 99.45549774169922
 2018 4 3 0 58 57 1.4696999788284302 123.53739929199219
 2018 4 3 7 38 40 -1.1009000539779663 115.8593978881836
 2018 4 3 21 3 55 -4.4141998291015625 118.34100341796875
 2018 4 4 0 44 57 6.336400032043457 -168.68170166015625
 2018 4 4 12 2 8 3.539400100708008 96.92939758300781
 2018 4 4 18 48 7 -1.3321000337600708 109.45600128173828
 2018 4 5 6 27 31 6.071800231933594 96.79000091552734
 2018 4 6 7 41 56 0.1873999983072281 116.85240173339844
 2018 4 6 21 7 31 -2.4124999046325684 122.27690124511719
 2018 4 6 20 51 50 -8.526900291442871 69.08589935302734
 2018 4 7 2 1 53 1.3313000202178955 96.61579895019531
 2018 4 10 8 49 19 -0.8514999747276306 110.53810119628906
 2018 4 10 12 16 45 -0.7576000094413757 130.9678955078125
 2018 4 10 20 32 29 -1.9766000509262085 108.87640380859375
 2018 4 10 22 15 29 -1.2453999519348145 113.62010192871094
 2018 4 11 8 17 0 0.8123999834060669 113.34519958496094
 2018 4 11 13 28 55 -4.508999824523926 145.94520568847656
 2018 4 11 20 9 59 -4.4145002365112305 144.706298828125
 2018 4 12 12 41 32 -1.6441999673843384 96.19509887695312
 2018 4 12 14 33 33 -5.06279993057251 137.14280700683594
 2018 4 12 21 8 34 3.301500082015991 112.28820037841797
 2018 4 13 5 8 10 0.2012999951839447 27.31730079650879
 2018 4 13 10 34 0 0.4090999960899353 109.20800018310547
 2018 4 13 18 52 48 -4.380000114440918 101.63710021972656
 2018 4 14 11 47 40 -1.2148000001907349 140.4136962890625
 2018 4 14 15 2 50 -3.918100118637085 119.09839630126953
 2018 4 15 11 7 59 -1.1151000261306763 111.2334976196289
 2018 4 17 8 3 0 3.671799898147583 48.12160110473633
 2018 4 18 6 4 48 3.440700054168701 95.67960357666016
 2018 4 18 9 25 57 0.5386999845504761 99.38980102539062
 2018 4 20 9 34 13 2.869800090789795 3.506200075149536
 2018 4 21 7 59 53 -4.6118998527526855 143.92129516601562
 2018 4 22 9 9 49 -4.603400230407715 151.38800048828125
 2018 4 22 22 10 42 3.485599994659424 63.52880096435547
 2018 4 23 5 2 14 0.8424999713897705 102.00460052490234
 2018 4 23 10 8 34 -2.4795000553131104 114.447998046875
 2018 4 24 12 54 35 -0.27320000529289246 110.2437973022461
 2018 4 25 10 48 50 -0.4675000011920929 134.14019775390625
 2018 4 26 1 14 51 2.9356000423431396 -3.7072999477386475
 2018 4 26 14 47 3 0.4812999963760376 28.22960090637207
 2018 4 30 13 1 36 -0.12460000067949295 114.2405014038086
 2018 5 1 9 5 33 -0.9688000082969666 109.6511001586914
 2018 5 2 19 59 44 4.113100051879883 48.32229995727539
 2018 5 3 12 34 54 -4.116099834442139 11.967499732971191
 2018 5 4 6 33 43 1.5146000385284424 -78.9656982421875
 2018 5 5 0 23 52 -3.3726000785827637 147.7550048828125
 2018 5 5 19 49 12 4.021200180053711 0.33340001106262207
 2018 5 6 5 29 55 3.0167999267578125 -77.60150146484375
 2018 5 6 9 43 51 3.2992000579833984 114.54679870605469
 2018 5 7 0 33 50 2.805000066757202 57.484901428222656
 2018 5 7 7 29 16 -1.4253000020980835 110.45149993896484
 2018 5 7 22 36 35 0.1476999968290329 118.59030151367188
 2018 5 10 7 31 41 0.8065000176429749 109.689697265625
 2018 5 11 6 30 21 -3.5425000190734863 9.483099937438965
 2018 5 11 8 41 3 0.5710999965667725 112.07740020751953
 2018 5 11 10 20 41 0.13529999554157257 109.71739959716797
 2018 5 14 20 29 27 -4.916200160980225 127.00559997558594
 2018 5 15 18 8 31 0.779699981212616 95.35340118408203
 2018 5 16 0 58 46 -2.165800094604492 129.8708953857422
 2018 5 16 5 53 49 1.7187999486923218 103.17720031738281
 2018 5 16 14 22 42 1.579699993133545 126.20500183105469
 2018 5 16 19 18 51 -3.0467000007629395 108.30979919433594
 2018 5 16 22 44 11 -4.270400047302246 123.3655014038086
 2018 5 17 2 3 54 -0.20419999957084656 119.08799743652344
 2018 5 17 18 42 5 -3.1703999042510986 92.07119750976562
 2018 5 19 19 23 33 0.13449999690055847 118.4717025756836
 2018 5 20 10 26 34 1.726099967956543 111.05259704589844
 2018 5 20 13 52 47 -1.4110000133514404 132.1457977294922
 2018 5 22 9 32 9 -3.2023000717163086 148.08709716796875
 2018 5 22 14 23 22 -1.7058000564575195 109.34809875488281
 2018 5 23 8 55 17 -2.766200065612793 132.95260620117188
 2018 5 24 6 5 4 4.489699840545654 4.2434000968933105
 2018 5 24 9 59 41 -1.027899980545044 131.0695037841797
 2018 5 25 21 8 39 -0.6862000226974487 118.76959991455078
 2018 5 26 10 27 39 1.80239999294281 100.88130187988281
 2018 5 27 6 8 19 3.2913999557495117 9.596799850463867
 2018 6 3 10 17 34 5.218500137329102 -77.17060089111328
 2018 6 11 21 39 55 -0.791100025177002 68.67389678955078
 2018 6 12 22 32 54 1.3516000509262085 17.35569953918457
 2018 6 16 17 32 55 -1.4377000331878662 131.11480712890625
 2018 6 16 17 21 33 -1.1555999517440796 91.77490234375
 2018 6 17 23 13 9 1.1937999725341797 27.504199981689453
 2018 6 18 5 25 49 4.8282999992370605 -77.72339630126953
 2018 6 20 3 51 51 5.440700054168701 -174.99049377441406
 2018 6 20 15 17 6 -0.28519999980926514 118.33399963378906
 2018 6 21 1 14 35 -5.848599910736084 96.82669830322266
 2018 6 22 2 21 22 -5.856900215148926 97.88569641113281
 2018 6 22 2 25 0 -1.7509000301361084 108.35310363769531
 2018 6 23 16 56 18 -1.7107000350952148 108.90709686279297
 2018 6 24 9 44 9 0.8974000215530396 116.75550079345703
 2018 6 24 23 6 36 -4.70359992980957 109.4458999633789
 2018 6 26 10 18 40 5.334099769592285 115.92130279541016
 2018 6 29 19 58 5 0.23999999463558197 21.740299224853516
 2018 6 29 20 30 32 -3.321700096130371 144.74310302734375
 2018 6 30 11 28 2 -1.6035000085830688 112.6072006225586
 2018 7 1 17 37 45 -3.8982999324798584 118.22270202636719
 2018 7 2 13 16 28 -0.42669999599456787 18.583499908447266
 2018 7 2 15 20 22 -2.819000005722046 102.58670043945312
 2018 7 3 18 6 22 -4.747799873352051 95.47119903564453
 2018 7 11 4 56 3 2.1738998889923096 11.54170036315918
 2018 7 19 10 11 2 6.564000129699707 -79.41459655761719
 2018 7 19 10 12 19 5.23330020904541 -76.99739837646484
 2018 7 24 21 17 42 1.8619999885559082 16.133800506591797
 2018 7 31 21 26 37 -4.402400016784668 155.26930236816406
 2018 8 2 13 11 39 0.8398000001907349 60.904998779296875
 2018 8 3 16 21 43 -1.6440999507904053 140.10549926757812
 2018 8 4 14 9 24 -4.5071001052856445 141.59519958496094
 2018 8 5 0 52 38 4.385900020599365 -73.41999816894531
 2018 8 11 14 44 38 5.729800224304199 14.650799751281738
 2018 8 13 14 52 48 4.876500129699707 -77.94190216064453
 2018 8 13 20 45 5 -3.797100067138672 101.64620208740234
 2018 8 17 14 24 21 7.582499980926514 -69.38099670410156
 2018 8 25 3 18 16 0.6241999864578247 -66.92369842529297
 2018 8 30 6 23 16 -4.014900207519531 100.53700256347656
 2018 8 31 18 50 6 2.8884999752044678 19.587099075317383
 2018 9 3 0 2 8 2.0236001014709473 -72.55950164794922
 2018 9 5 9 25 0 -1.5260000228881836 24.087200164794922
 2018 9 25 10 37 17 -0.5983999967575073 133.4882049560547
 2018 9 25 20 32 5 -1.968999981880188 98.5510025024414
 2018 9 26 9 58 21 -0.505299985408783 109.21089935302734
 2018 9 28 2 7 36 2.8315000534057617 100.28839874267578
