2016 07 15  22 58 44.727600  277.9138  +22.6004
2016 07 14  02 46 20.746350  279.9356  +20.8804
2016 07 11  23 48 02.180400  283.6080  +21.3847 
2016 07 04  09 52 27.540524  284.7522  +19.2265 
2010 08 02  21 31 37.289046  281.8378  +21.6365  
2010 10 09  09 19 52.021782  294.1297  +21.2566  
2010 10 18  01 33 02.131226  287.2123  +19.0613  
2010 10 19  03 05 48.121300  282.7823  +22.2532
2011 05 13  18 40 15.706574  296.4247  +20.7627  
2011 06 22  22 45 20.999476  279.7230  +22.4317
2011 07 19  09 36 28.540300  296.9842  +21.4076 
2011 07 20  07 44 02.006166  277.1685  +22.0576
2011 07 24  09 00 46.678150  283.8328   +8.7329  
2011 07 30  23 41 19.719626  280.4864  +21.0999
2011 09 22  19 26 38.627650  286.6919  +21.6701
2011 10 14  08 23 48.175850  279.2019  +20.2716
2014 09 29  00 58 26.000000  274.2300  +9.95