2008 10 01  09 24 44.913770   163.1578  +11.2940   
2008 11 13  07 44 04.236800     9.0095   +0.9035   
2008 11 23  20 58 42.321200   129.4286   16.1782   
2009 08 08  17 44 49.528574   300.1307   +3.4615   
2009 08 28  03 31 50.206950   253.5263  +23.8061   
2009 11 30  05 15 32.965070   130.6992   11.2645   
2009 12 13  21 01 50.475400   139.8219   16.5611   
2009 12 27  12 58 12.306530   181.6783    4.8044   
2010 01 10  07 52 32.496100   132.8412   14.2267   
2010 01 29  14 14 28.536350    86.8499   +7.6829   
2010 02 07  20 14 26.246500   106.3134    5.6346   
2010 02 07  20 14 26.246500   106.3698    5.6621   
2010 02 18  12 25 39.131850   140.5758    4.4615   
2010 02 23  06 54 24.608426   164.0231   14.5499   
2010 03 04  20 15 59.478586   292.8127   +3.5614   
2010 03 04  20 16 22.843182   291.5046   +4.4485   
2010 03 05  19 21 14.376700   122.1223    7.5303   
2010 03 31  10 05 34.399850   185.0599   19.6642   
2010 04 09  13 01 42.365786   277.7567   +7.2247   
2010 05 01  13 24 25.370088   119.1357    1.3969   
2010 05 13  06 53 33.235432    90.4553  +14.1563   
2010 06 06  07 01 03.178250   280.8758   +7.4424   
2010 06 06  07 01 03.178250   280.7432   +7.2459   
2010 06 16  21 35 56.401800   341.1135   +8.4692   
2010 06 20  11 33 02.476874   106.7690   +6.7073   
2010 07 13  02 16 43.380548    94.5853    6.2364   
2010 07 13  11 32 22.671968   256.2150  +18.1845   
2010 07 24  05 18 38.049524   268.0245  +22.3413   
2010 07 27  20 29 47.152560   285.3389  +18.1418   
2010 07 28  22 32 59.869350    21.6122    3.3003   
2010 08 01  18 08 33.194414   262.1278  +13.2948   
2010 08 02  21 31 37.289046   281.8378  +21.6365   
2010 08 02  21 31 37.289046   281.6473  +21.7088   
2010 08 03  19 43 53.742350   281.0644  +24.1190   
2010 08 05  00 45 26.802292   284.3276   +7.8142   
2010 08 07  19 17 15.813566   278.2145  +26.9280   
2010 08 11  12 04 55.648104   284.6742   +8.8908   
2010 08 12  20 27 37.756954   278.9678  +12.8489   
2010 08 16  16 41 57.395044   293.6239  +11.9992   
2010 08 17  08 06 41.488734   298.8313  +13.6542   
2010 08 18  14 45 29.565276   287.2023  +16.0581   
2010 08 23  09 06 58.704850   283.4140  +23.0691   
2010 08 23  10 44 20.869900   269.6213  +27.6210   
2010 08 26  03 39 14.504000   274.1500  +11.5644   
2010 08 28  05 06 27.390218   263.1584  +14.9814   
2010 08 28  06 44 58.827050   254.8995  +20.4104   
2010 08 28  06 44 58.827050   254.6871  +20.9160   
2010 08 29  00 01 09.865692   298.3156   +3.4860   
2010 08 29  00 01 20.528500   298.0337   +3.4103   
2010 08 29  10 05 12.579780   265.1398  +18.4783   
2010 09 03  08 00 16.658292   298.2738   +4.4456   
2010 09 03  08 00 16.658292   297.0856   +3.1137   
2010 09 05  02 37 08.070462   281.6640  +24.0537   
2010 09 09  12 56 25.159150    27.5763   +6.4271   
2010 09 11  11 20 39.175350    93.7711  +25.8458   
2010 09 12  20 37 13.975814   270.7284  +18.7092   
2010 09 12  20 37 47.117400   269.4297  +19.3771   
2010 09 12  22 38 01.046024   341.0292  +16.3595   
2010 09 12  22 38 01.046024   340.9911  +16.2229   
2010 09 16  01 25 33.249850   276.5066  +23.2403   
2010 09 16  01 25 33.249850   276.5464  +23.2412   
2010 09 20  23 18 14.812000   298.6405   +6.6906   
2010 09 20  23 18 14.812000   298.3525   +6.6010   
2010 09 21  17 31 50.373450   182.1458    9.2958   
2010 09 23  21 11 00.541574   280.2195  +15.4093   
2010 09 23  21 11 00.541574   280.1371  +15.5866   
2010 09 25  07 39 34.318200   345.9034   +6.9913   
2010 09 27  07 59 49.529192   108.6897  +14.0921   
2010 09 27  07 59 49.529192   108.8464  +14.1378   
2010 09 29  10 20 44.029600   281.0587  +12.9390   
2010 10 03  17 38 14.532600   110.0275    2.2629   
2010 10 07  07 46 25.718576   278.6003  +18.8655   
2010 10 08  06 01 49.880894   290.7398  +12.7586   
2010 10 09  03 13 32.048326    84.4068  +10.2135   
2010 10 09  09 19 52.021782   294.1297  +21.2566   
2010 10 12  05 32 31.846790   277.7326  +17.6866   
2010 10 12  05 32 31.846790   277.7231  +17.6299   
2010 10 12  10 38 15.739048   278.5167  +18.6842   
2010 10 13  03 45 43.741150   279.1896  +14.8630   
2010 10 18  01 33 02.131226   287.2123  +19.0613   
2010 10 19  03 05 48.121300   282.7823  +22.2532   
2010 10 21  23 20 30.997396   272.8310  +13.4794   
2010 10 21  23 20 30.997396   272.8874  +13.8194   
2010 10 22  19 55 44.893196   296.0605   +2.4729   
2010 10 22  19 55 44.893196   295.9866   +2.6089   
2010 10 26  17 02 43.568510   137.5121    5.2853   
2010 11 18  05 58 56.797810   118.2761   +1.0950   
2010 11 23  05 23 55.847618   105.4707    6.7973   
2010 11 24  15 51 28.239500   173.1501  +23.2412   
2010 11 29  10 01 04.725196   137.9368    4.7339   
2010 12 10  20 44 50.513096   123.2388   17.2012   
2010 12 17  01 12 03.102680   119.5233   11.5389   
2010 12 19  12 56 06.370150   120.1007   +6.8338   
2010 12 24  18 47 50.100674    24.8486   10.8878   
2011 01 06  12 46 15.175300   129.6385   15.6929   
2011 01 06  12 47 32.441644   131.7053   16.3625   
2011 01 07  05 54 54.490200   141.8807   16.0392   
2011 01 12  09 58 24.988738    29.0984   17.0704   
2011 01 13  08 40 17.778732   140.2003   17.3779   
2011 01 17  05 55 59.476550     8.1156    1.1914   
2011 01 25  03 52 43.257584   122.0290   18.2387   
2011 01 27  01 36 17.688876    42.5738   18.3290   
2011 01 27  01 36 17.688876    42.5144   18.1422   
2011 02 05  19 25 08.615350    39.7089   13.6479   
2011 02 15  16 32 55.038644    18.8598   13.4603   
2011 02 15  16 32 55.038644    19.0051   13.4286   
2011 02 16  01 04 47.611934    24.5605    6.5610   
2011 02 17  13 20 11.649408   112.6383   23.3765   
2011 02 18  04 54 35.465674   154.9683    5.8545   
2011 02 19  06 27 44.328420   145.1572   16.8281   
2011 02 19  09 45 30.534600   121.2726   20.0522   
2011 02 22  14 37 48.972440   137.5567   +0.2418   
2011 02 25  09 06 31.866160   117.7537   27.6266   
2011 02 27  10 33 42.787450   114.0993   25.1479   
2011 02 28  15 15 29.440200    47.7852   15.6438   
2011 03 02  15 00 15.032626    36.4552   12.2511   
2011 03 04  13 07 56.837748    44.4706   16.8657   
2011 03 11  05 31 16.709192    37.1075   18.6096   
2011 03 14  13 33 00.286686   359.2064    1.9011   
2011 03 15  01 39 57.711412    34.4718   13.2400   
2011 03 16  10 03 08.954614    29.1579    7.0862   
2011 03 17  18 54 28.912872   112.1579    9.9696   
2011 03 17  23 36 10.577674    30.3816    8.2335   
2011 03 23  21 07 36.866124     8.0850    0.6250   
2011 03 25  17 39 55.365738    37.4659    6.1339   
2011 03 26  19 15 22.318358    34.2561   11.8900   
2011 04 06  14 36 13.773550    18.6559   13.8388   
2011 04 19  08 01 00.659902     8.3830    7.3812   
2011 04 20  10 47 01.589976   260.3413  +13.5596   
2011 04 20  10 47 22.299164   261.8281  +13.8333   
2011 04 26  08 31 43.958168   280.7709   +1.5250   
2011 04 29  07 27 24.227746   118.9899   +4.7668   
2011 05 05  17 45 59.045938   275.3485   +8.0869   
2011 05 06  03 57 31.236250   267.4302   +6.7228   
2011 05 07  03 04 50.652674   104.8248    1.1772   
2011 05 10  01 50 27.024462   274.8511   +9.4791   
2011 05 11  11 14 00.003838   117.2006   +5.4892   
2011 05 13  18 40 15.706574   296.4247  +20.7627   
2011 05 13  18 40 15.706574   296.6515  +20.6457   
2011 05 15  14 54 49.365076   260.7564   +9.4193   
2011 05 15  22 45 25.678830   122.5046   +7.2805   
2011 05 16  13 06 53.115194   269.8295  +11.9593   
2011 05 19  04 41 17.683952   357.2743   +4.8068   
2011 05 20  02 55 16.203496     8.8267   +4.0743   
2011 05 21  09 13 06.566300   277.8133   +8.6052   
2011 05 21  09 13 06.566300   277.0073   +7.8088   
2011 05 22  20 11 25.459788   100.1904   +3.4827   
2011 05 26  05 19 38.800250   296.1738   +8.2689   
2011 05 26  08 34 45.401634   262.5954  +15.1403   
2011 06 01  04 36 54.201484   283.0782  +11.7375   
2011 06 04  20 33 41.551480   117.7511  +15.5481   
2011 06 05  13 35 33.721576   106.6192  +11.2258   
2011 06 08  22 38 17.850616   291.2352   +5.9699   
2011 06 08  22 39 04.681450   296.9501   +0.2700   
2011 06 11  06 55 45.775850   287.8199  +10.1416   
2011 06 11  06 55 45.775850   287.8285  +10.0677   
2011 06 11  18 05 43.220450   121.6994  +12.0073   
2011 06 19  04 15 35.018590   275.5853  +12.1813   
2011 06 21  10 08 39.066250   112.9623  +22.9653   
2011 06 22  02 15 11.560834   276.3320  +13.2883   
2011 06 22  22 45 20.999476   279.7230  +22.4317   
2011 06 23  02 06 40.990054   271.2133  +13.4700   
2011 06 23  02 06 40.990054   271.3693  +13.4064   
2011 06 26  22 16 24.808300   277.7535  +23.0491   
2011 06 29  22 02 08.040626   294.7287   +8.6291   
2011 06 29  22 02 08.040626   294.7221   +8.6169   
2011 07 05  12 51 43.119450   294.5926  +28.7328   
2011 07 05  16 08 59.155486   272.9107  +25.1019   
2011 07 06  09 17 12.281970   285.8953   +6.3123   
2011 07 06  19 30 05.773066   279.3186  +11.0703   
2011 07 09  07 15 22.774950   282.9993   +5.0458   
2011 07 09  08 55 47.426374   278.7621   +7.4722   
2011 07 09  08 55 47.426374   278.6429   +7.4303   
2011 07 10  08 46 39.219218   271.1340   +9.2080   
2011 07 19  09 36 28.540300   296.9842  +21.4076   
2011 07 19  11 10 36.981286   265.1858  +18.1599   
2011 07 20  07 44 02.006166   277.1685  +22.0576   
2011 07 22  04 06 41.734368   281.9287  +20.3693   
2011 07 23  03 54 54.939332   264.6244  +15.9863   
2011 07 23  07 26 23.492538   293.9054  +18.0953   
2011 07 24  09 00 46.678150   283.8328   +8.7329   
2011 07 30  23 41 19.719626   280.4864  +21.0999   
2011 08 01  02 57 17.411876   277.8083  +22.6005   
2011 08 01  23 25 19.553316   268.5334  +19.3325   
2011 08 01  23 25 19.553316   268.3492  +19.3978   
2011 08 03  19 47 52.855100   275.3300  +11.3398   
2011 08 03  19 48 37.433450   273.5756   +8.4960   
2011 08 03  19 48 37.433450   273.4933   +8.7822   
2011 08 12  01 01 04.231050   120.4739   +2.8529   
2011 08 15  13 24 26.342750   283.2583   +9.5681   
2011 08 16  13 21 19.763124   294.9580  +16.9188   
2011 08 17  21 36 25.692800   264.5595  +17.1922   
2011 08 18  15 09 05.865350     3.7350  +11.0320   
2011 08 19  11 15 53.036452   283.3587   +9.3350   
2011 08 19  18 04 38.336740   289.7911  +18.4121   
2011 08 19  19 48 18.151550   287.5789  +11.6869   
2011 08 26  12 05 26.555650   261.1905  +22.9073   
2011 08 26  12 05 26.555650   260.9363  +22.9213   
2011 08 30  11 41 46.130200   276.8181  +26.3899   
2011 09 02  14 00 45.008150   112.8348    0.4803   
2011 09 04  22 17 01.859004   113.9624  +14.7221   
2011 09 05  01 39 31.221750    97.9051   +5.0682   
2011 09 05  10 58 47.499800   265.4654  +18.8504   
2011 09 08  22 45 24.348556   296.8381   +6.4376   
2011 09 09  18 19 48.464416   112.5859  +20.8236   
2011 09 11  08 41 59.097216   285.5924   +6.0265   
2011 09 11  08 43 12.416582   288.1315   +6.0137   
2011 09 12  09 32 54.261758   123.2396  +10.3148   
2011 09 16  04 34 24.847750   254.5351  +21.0496   
2011 09 18  04 34 22.607324   297.0219   +7.2113   
2011 09 18  08 48 11.200206   109.2454  +19.4057   
2011 09 18  08 50 00.064926   109.2957  +18.8414   
2011 09 20  04 08 02.449710   253.8932  +21.6767   
2011 09 22  19 26 38.627650   286.6919  +21.6701   
2011 09 23  02 10 20.316188   272.3977  +13.8591   
2011 09 24  15 53 02.052944   303.2645  +17.0565   
2011 09 24  20 51 20.344874   275.1772  +24.6515   
2011 09 25  01 56 28.207584   271.5042  +12.6642   
2011 09 25  01 56 28.207584   271.6841  +12.6979   
2011 09 28  00 01 59.302652   294.6431   +4.4864   
2011 09 29  18 33 45.635700   262.9819  +27.5266   
2011 10 01  09 03 29.404600   113.6286  +10.1764   
2011 10 01  13 14 42.242912   271.4815   +8.5202   
2011 10 08  21 53 54.819332   100.0549  +13.6894   
2011 10 14  08 23 48.175850   279.2019  +20.2716   
2011 10 19  22 26 20.203286   122.7021  +11.7415   
2011 10 23  11 43 26.314286   114.9473   +4.7879   
2011 10 23  11 45 21.671160   124.6031   +9.2121   
2011 10 24  10 31 43.283750   253.7342  +18.5958   
2011 10 25  07 13 13.449726   295.8774  +16.4000   
2011 10 25  07 13 13.449726   295.7654  +16.3764   
2011 10 25  09 44 33.673588   107.6110    7.4865   
2011 10 25  20 00 00.853710   112.3321  +16.5157   
2011 10 27  07 56 25.582822   137.8472    2.4302   
2011 10 27  22 21 18.486694   295.4389   +9.4253   
2011 10 30  21 58 13.262838   285.6286  +12.4602   
2011 10 30  21 58 13.262838   285.5868  +12.3857   
2011 10 30  21 58 13.262838   285.5221  +12.8223   
2011 10 30  22 00 28.578634   292.5916  +14.7918   
2011 11 01  20 04 34.509218   297.2332   +6.6533   
2011 11 01  20 04 34.509218   297.2254   +6.6072   
2011 11 04  15 28 35.211476   123.6564  +10.7717   
2011 11 13  21 24 26.935038   149.1816    8.7878   
2011 11 16  09 10 59.660838   162.1920    9.0600   
2011 11 17  16 54 42.708300    21.2182    1.7924   
2011 11 19  20 32 04.317424   112.7381    6.4431   
2011 11 21  10 11 11.092550   132.3084   16.8693   
2011 11 22  16 57 14.782350   150.2776    4.5771   
2011 11 24  06 26 41.859150   141.0677    5.2841   
2011 11 26  16 20 36.107900   119.9392    7.3185   
2011 11 26  16 21 29.866900   120.2864    5.3251   
2011 11 28  14 29 44.457200   139.3804    5.0950   
2011 12 04  10 20 29.685900   131.3011    8.4676   
2011 12 27  19 15 07.596124    61.7056    9.8049   
2011 12 27  22 29 02.645672    21.7546   12.4900   
2011 12 28  03 42 08.137100    45.0684   14.4086   
2012 01 06  16 09 23.476896    16.1366    9.3609   
2012 01 09  15 48 46.651064    17.4729   13.9652   
2012 01 10  16 10 08.299800   126.7332   10.1688   
2012 01 10  19 29 24.054884   100.2814   +3.3234   
2012 01 10  19 29 24.054884   100.1960   +3.3170   
2012 01 11  14 02 45.094256    57.3892   24.4038   
2012 01 12  07 22 27.080686   115.3810    7.5712   
2012 01 12  07 22 27.080686   115.5345    7.8848   
2012 01 14  22 02 39.779082    27.6664    3.1100   
2012 01 15  16 54 09.793580    45.1153   19.1812   
2012 01 19  11 41 01.267192   124.3227   12.1769   
2012 01 20  09 53 07.144200   132.8789   14.2200   
2012 01 22  07 55 29.738700   127.3305   23.2175   
2012 01 23  09 26 46.832100   115.0090   17.2651   
2012 01 28  19 18 27.914600   151.0052    8.3401   
2012 01 29  03 10 04.218124    15.9727    1.1573   
2012 02 17  10 00 47.942576   138.8059    4.7568   
2012 02 22  09 26 01.402850   141.6785   15.3114   
2012 02 22  17 52 05.041524   131.0293    8.9760   
2012 02 23  07 31 46.493216   125.9326    9.0948   
2012 02 28  03 38 43.103924   154.6245    7.4554   
2012 03 03  11 02 26.391730    16.5620   13.8948   
2012 03 07  07 41 47.199550   142.1451   18.1136   
2012 03 08  04 27 37.639924   200.6414   14.6769   
2012 03 08  04 27 37.639924   200.5788   14.6515   
2012 03 08  22 59 24.955110   149.7183    8.4061   
2012 03 09  10 46 36.558850   118.3972    9.4481   
2012 03 10  13 42 50.037090    50.1574   15.8252   
2012 03 13  22 09 51.606500   111.6499   +2.9079   
2012 03 18  02 26 22.238600    27.1106    9.7817   
2012 04 02  22 51 33.158576    48.5843   22.6364   
2012 04 12  08 14 23.146100   101.4466   +0.6076   
2012 04 18  20 51 06.673312    32.6880    2.3381   
2012 04 21  02 55 35.260700   285.3419   +5.2403   
2012 04 21  08 01 02.519846   276.9099  +24.4718   
2012 04 22  10 38 40.004300   144.0805    7.1940   
2012 04 22  10 38 40.004300   143.7731    7.2287   
2012 04 26  11 41 21.601784   110.7757    2.0113   
2012 04 26  20 15 41.417574   118.7112  +19.6108   
2012 04 29  21 31 46.502026   103.4674  +10.6290   
2012 04 30  18 10 47.527708   143.4831   +8.3437   
2012 05 03  21 04 06.010974   107.1600    4.4277   
2012 05 05  07 58 48.213776   280.4057   +1.4947   
2012 05 08  15 23 59.534704   123.9778   +8.4496   
2012 05 13  21 06 39.067430    13.3900    2.5415   
2012 05 14  03 24 36.018926   266.6168   +9.2751   
2012 05 17  09 08 44.035430   115.8862  +16.7894   
2012 05 20  10 29 13.784750   116.2062   +4.6872   
2012 05 22  03 53 39.333412   213.2992    3.9979   
2012 05 22  16 36 07.538600    20.8244   +1.1701   
2012 05 22  16 36 07.538600    20.3221   +0.4999   
2012 05 23  16 26 57.637200     6.3969   +1.6189   
2012 05 25  20 52 49.601250   283.3899   +5.0350   
2012 05 26  10 29 31.914900   270.9003   +7.6486   
2012 05 26  10 29 31.914900   270.8344   +7.6521   
2012 05 26  10 32 36.851248   281.2253  +11.1978   
2012 05 26  10 32 36.851248   281.2541  +11.1622   
2012 05 26  13 55 16.860700   276.0673  +20.7664   
2012 05 27  14 18 14.434050    24.8257    5.1364   
2012 05 30  09 55 05.315414   256.4273   +6.3788   
2012 05 31  12 03 33.004726    11.0526   +1.2725   
2012 06 01  09 42 13.196762   262.3171  +14.0015   
2012 06 02  14 45 12.775004   276.8868  +19.0219   
2012 06 05  23 15 56.853524   352.6606   +6.0922   
2012 06 07  14 09 16.698974   281.9857   +6.3343   
2012 06 08  13 58 58.555798   271.6005  +11.8927   
2012 06 12  10 05 44.081918   278.9056  +10.9922   
2012 06 12  10 05 44.081918   278.9056  +11.0322   
2012 06 13  09 51 59.420176   254.0939  +15.9655   
2012 06 14  15 30 01.207100    23.6879    0.7070   
2012 06 15  01 12 07.809976   272.3818  +13.3706   
2012 06 15  01 12 07.809976   272.1907  +13.4263   
2012 06 18  14 59 57.429272    23.1673   +4.4626   
2012 06 24  05 14 35.880330   283.4814   +5.0695   
2012 06 24  05 14 35.880330   283.4724   +5.1263   
2012 06 26  04 55 12.395044   271.2023   +4.8715   
2012 06 28  03 02 29.558500   285.6834   +6.0931   
2012 06 28  16 39 23.288180   278.1992   +5.1552   
2012 06 30  18 04 22.755264   264.9851  +13.6643   
2012 06 30  18 04 22.755264   264.5937  +13.5552   
2012 07 04  11 43 19.874796   116.6939   +6.8169   
2012 07 05  22 37 32.364950   283.1246   +6.7288   
2012 07 05  22 38 52.536674   283.1426   +6.7021   
2012 07 06  12 16 39.805248   281.1066   +8.7115   
2012 07 06  15 37 09.419014   264.7079  +13.8062   
2012 07 08  13 40 32.619198   270.0487  +11.4456   
2012 07 08  23 17 53.971662   141.1673  +20.6581   
2012 07 11  11 38 24.223484   277.5070  +10.1508   
2012 07 13  14 43 35.037050   267.6939  +29.2946   
2012 07 13  14 43 35.037050   267.6437  +29.3455   
2012 07 15  09 26 35.843246   279.4831   +9.9117   
2012 07 15  14 34 00.298724   286.2300  +26.3374   
2012 07 16  17 49 43.547100   277.9147   +7.2015   
2012 07 16  17 49 43.547100   278.1695   +7.4495   
2012 07 17  20 22 28.137600   124.6968  +19.8956   
2012 07 18  15 46 10.660864   263.9678  +15.7766   
2012 07 18  15 46 10.660864   264.0738  +15.7286   
2012 07 19  14 03 31.084386   283.2757  +18.8150   
2012 07 20  05 24 45.899788   280.9211   +7.4669   
2012 07 21  12 03 37.745874   275.1447  +20.7852   
2012 07 21  12 03 37.745874   274.8298  +20.8159   
2012 07 21  13 42 12.966516   265.8501  +19.4232   
2012 07 23  17 52 57.591050   109.5783  +21.1756   
2012 07 24  09 51 34.484300   250.5298  +25.8013   
2012 07 24  09 52 45.967566   250.3470  +26.0982   
2012 07 25  13 17 08.431456   280.3006   +6.3987   
2012 07 26  07 56 54.676408   251.7768  +25.8018   
2012 07 27  04 23 54.556388   250.7971   +8.4555   
2012 07 28  04 19 40.242300   261.8120  +12.1121   
2012 07 28  11 04 18.896150   254.1210  +19.0925   
2012 07 31  07 27 36.609046   292.0175  +16.9764   
2012 07 31  07 27 36.609046   291.9814  +17.1927   
2012 07 31  10 47 24.708596   275.3262   +8.0018   
2012 07 31  10 47 24.708596   275.0851   +8.1221   
2012 08 03  02 24 54.047326    24.8381   +0.8504   
2012 08 03  05 20 00.789250   282.4839  +23.2642   
2012 08 03  07 04 43.249300   288.1320   +8.7878   
2012 08 04  06 53 26.158622   271.8398  +16.0580   
2012 08 07  12 37 04.380650   120.3457  +22.8203   
2012 08 13  02 24 19.982776   283.7605   +7.5587   
2012 08 14  22 43 52.877400   280.0397  +22.5245   
2012 08 14  22 43 52.877400   280.1238  +22.5325   
2012 08 16  08 02 10.326550   116.4404  +24.1417   
2012 08 17  00 10 30.078428   285.0587  +18.8189   
2012 08 20  21 57 40.405724   279.3268  +11.9719   
2012 08 21  00 35 38.160208   115.0032  +11.6756   
2012 08 21  00 35 38.160208   115.0086  +11.7213   
2012 08 21  05 41 12.695000   113.5119  +25.1673   
2012 08 22  17 03 15.925400    17.8405   +1.3227   
2012 08 23  22 37 16.836460   135.0697  +14.0871   
2012 08 25  11 09 23.003240   288.4880   +9.9229   
2012 08 27  06 45 53.034650   139.4679    2.5837   
2012 08 28  02 40 08.262650    22.8283   +3.3662   
2012 08 30  02 24 26.636112    14.7316   +9.4216   
2012 08 30  19 55 24.371350   109.6282  +10.0740   
2012 09 01  17 06 20.450024   295.0243   +1.6261   
2012 09 01  19 38 07.837890   108.8954  +16.0338   
2012 09 05  07 57 07.819600   266.4748  +15.3217   
2012 09 06  00 13 29.534124   105.8446  +20.3296   
2012 09 07  08 17 20.835468    33.3107    0.7813   
2012 09 07  14 32 37.458338   275.6485   +6.7918   
2012 09 07  14 32 37.458338   275.7134   +6.6709   
2012 09 08  04 11 14.043250   277.2127   +7.9974   
2012 09 10  02 20 02.886182   297.3610   +7.4707   
2012 09 11  03 53 48.712998   287.2179  +18.2957   
2012 09 13  01 52 45.935186   281.8915   +9.0882   
2012 09 16  01 25 42.150712   262.6346  +10.5859   
2012 09 16  09 55 38.200200   263.1007  +14.4129   
2012 09 17  01 53 11.693126    27.0216   +5.6685   
2012 09 17  08 10 18.847292   280.9653   +9.4126   
2012 09 17  08 10 18.847292   280.9956   +9.3762   
2012 09 18  19 11 19.809950   113.7953   +7.9715   
2012 09 19  23 14 49.780226   268.5101  +14.4733   
2012 09 19  23 14 49.780226   268.5859  +14.4840   
2012 09 20  17 06 00.865420    84.7576  +18.0646   
2012 09 21  08 38 17.211000   119.6296  +16.2081   
2012 09 22  05 52 25.083576   284.1421   +9.7009   
2012 09 23  05 43 20.261446   284.4414  +10.9672   
2012 09 24  05 34 47.023176   277.9242   +7.6925   
2012 09 27  00 12 35.275000   308.4681  +22.0659   
2012 09 28  23 42 18.648114   250.6123  +24.3221   
2012 09 30  23 39 32.045400   301.5187  +14.7317   
2012 10 01  20 15 10.265300   330.5825  +17.4895   
2012 10 04  16 13 36.139538   275.1532  +16.4593   
2012 10 06  00 34 42.865180   265.9806   +8.6141   
2012 10 07  10 48 29.456600   292.3053    2.2031   
2012 10 08  13 59 24.121476   269.4647   +9.9496   
2012 10 11  10 14 46.852412   281.6604   +4.0848   
2012 10 11  21 18 50.332208    99.9797    0.8075   
2012 10 12  05 47 13.930200    90.6138  +22.2880   
2012 10 12  19 35 56.153450   121.4360    0.0796   
2012 10 13  18 34 35.757950   296.9964   +9.6120   
2012 10 14  13 40 19.333100    10.0442   +1.4155   
2012 10 14  13 42 51.969300    18.5917   +2.5452   
2012 10 15  20 49 59.183600   103.4881  +13.7825   
2012 10 17  18 51 40.656968   100.5677   +2.4779   
2012 10 18  17 02 33.617350   109.0017    0.7807   
2012 10 20  21 31 04.960590    26.3633    2.2282   
2012 10 21  08 51 56.428050   264.3027  +13.5040   
2012 10 23  05 19 30.944990   287.7194  +12.9691   
2012 10 24  12 06 15.611750   309.1058  +11.4666   
2012 10 28  11 27 48.723500   282.2474   +5.9008   
2012 10 28  12 23 39.917424   116.3924   +3.4519   
2012 10 28  17 02 34.555502    21.9098    5.0175   
2012 10 30  23 11 38.266510   293.9516   +2.5461   
2012 11 01  09 15 26.348796   287.5650   +9.3517   
2012 11 02  22 46 06.563926   285.9303  +11.2473   
2012 11 03  08 59 05.068800   286.2375   +6.4675   
2012 11 03  10 15 51.160250   196.1317  +26.3725   
2012 11 03  14 32 15.628800    21.4326    8.0174   
2012 11 04  01 33 26.329750   185.5199   15.4323   
2012 11 04  01 33 26.329750   185.6894   15.4279   
2012 11 09  23 57 36.915750    11.6043   +5.1370   
2012 11 11  02 56 51.116700   313.8158   +9.5572   
2012 11 11  18 11 04.047474   280.9084   +7.0569   
2012 11 13  16 23 57.993800   324.1756  +18.5157   
2012 11 18  13 02 14.513450   114.5673   +4.9085   
2012 11 18  21 05 37.751774    13.8095   14.1827   
2012 11 22  22 42 22.148300   106.4258    4.8948   
2012 11 25  19 49 10.961950   299.7728   +7.4852   
2012 11 26  16 29 21.197626   343.8465   +7.9212   
2012 11 26  16 29 21.197626   343.8042   +7.8587   
2012 11 26  22 13 48.505340   113.6568   +5.5179   
2012 11 29  18 34 26.718568   143.1708   +8.1127   
2012 11 29  19 16 38.388768   292.0262    2.1779   
2012 12 05  12 06 44.030452    25.8796   11.1237   
2012 12 06  14 07 09.559942   117.3843    9.1791   
2012 12 07  22 00 05.415000     9.9442    0.6395   
2012 12 09  11 59 23.793686   114.6961    9.2971   
2012 12 10  03 18 53.888700   106.1933    4.7905   
2012 12 12  06 47 18.406324   181.5653    7.9063   
2012 12 12  06 47 18.406324   181.3748    8.0545   
2012 12 13  08 14 45.573866   157.4309    8.0097   
2012 12 13  08 15 32.312826   156.1322   10.4896   
2012 12 14  21 44 09.376572   148.1816    4.3584   
2012 12 15  23 03 29.281100    99.6349   +9.3030   
2012 12 17  07 40 10.613526   140.2399    4.2652   
2012 12 17  07 40 10.613526   138.7797    5.2710   
2012 12 17  12 33 18.046314    91.8135   +7.0253   
2012 12 18  18 04 30.291700   208.4172   19.9912   
2012 12 18  18 05 04.723784   209.0336   17.0108   
2012 12 20  20 47 18.085690   117.4870    6.8820   
2012 12 21  22 47 40.545032   210.0136   18.5781   
2012 12 23  03 32 31.875818   155.1913    6.5414   
2012 12 23  03 32 31.875818   155.1627    6.6015   
2012 12 28  16 25 33.480984   135.2157   10.1092   
2013 01 06  23 30 45.595416    85.4961   12.8762   
2013 01 08  02 45 06.583034    74.6845   +9.0983   
2013 01 15  09 16 06.648774   216.2941   19.6147   
2013 01 15  12 03 13.893950    79.4031   13.9861   
2013 01 15  12 03 13.893950    79.7759   13.7571   
2013 01 18  06 44 10.782726   117.8338    4.8398   
2013 01 18  13 05 03.203800    14.1401    4.7050   
2013 01 20  15 04 51.230144   133.7639    2.4246   
2013 01 20  15 04 51.230144   133.8394    2.4733   
2013 01 21  23 53 54.094408   224.8375   17.8802   
2013 01 25  08 46 04.867826    21.4824    4.3591   
2013 02 01  08 20 50.431634   132.6633    1.4941   
2013 02 01  08 20 50.431634   131.9066    1.8983   
2013 02 02  06 31 39.076050   136.2951   12.3270   
2013 02 05  06 09 21.777976   141.9345    7.2408   
2013 02 05  19 41 30.848324   118.0537    3.3071   
2013 02 09  17 26 00.201850   122.1477   +6.3662   
2013 02 14  15 19 06.406324   166.4302   18.0469   
2013 02 16  16 15 18.417100    72.0048   +7.8923   
2013 02 17  10 03 15.777288   221.0393   20.7502   
2013 02 17  15 07 40.423200   218.9148   19.8106   
2013 02 17  16 48 23.548054   211.7745   15.6033   
2013 02 17  16 48 23.548054   212.3136   15.2842   
2013 02 19  08 02 52.103412   215.0075   11.8359   
2013 02 19  08 02 52.103412   214.6445   11.8584   
2013 02 19  08 02 52.103412   213.9997   12.4457   
2013 02 21  12 33 12.787576   143.9659   14.2269   
2013 02 21  12 54 08.291764   223.3338   21.9466   
2013 02 21  12 54 08.291764   218.2443   18.3489   
2013 02 21  17 47 51.360688   174.0054   13.7273   
2013 02 22  17 30 54.321200   143.4950   19.1032   
2013 02 25  08 36 05.033696   145.6350    5.4932   
2013 02 27  16 53 35.403650   149.2539    8.4465   
2013 02 28  09 54 29.518200   138.9184   19.5815   
2013 03 02  14 45 39.163698   151.7640   16.6257   
2013 03 02  14 48 11.018714   159.0245   15.0388   
2013 03 07  00 49 22.384400   224.3409   17.8369   
2013 03 07  07 35 24.736726   220.6653   17.8229   
2013 03 07  07 36 13.728800   219.0578   15.4880   
2013 03 10  10 11 59.725500   128.4457   18.6253   
2013 03 12  11 38 34.227926   132.5078   10.9848   
2013 03 13  21 08 31.760120     3.8106   +4.6089   
2013 03 17  02 51 09.374176   219.9288   18.0751   
2013 03 17  02 51 09.374176   219.9249   18.2926   
2013 03 17  02 51 41.764326   218.3262   14.4184   
2013 03 21  17 36 18.105950   205.8314   10.9021   
2013 03 21  22 13 38.013674   103.3380   +0.0904   
2013 03 24  08 17 02.083256   121.9221    0.5478   
2013 03 27  12 25 55.711050    10.2689    8.5754   
2013 03 28  00 33 50.083820    41.2112   12.7385   
2013 03 29  05 49 21.865350   107.8383    3.2035   
2013 04 02  23 35 59.620462    14.5178   11.4162   
2013 04 06  01 18 29.604004   106.9578    5.5855   
2013 04 09  23 54 33.790924   283.1691   +4.7120   
2013 04 12  10 59 07.274918   158.2462   19.6989   
2013 04 14  18 59 26.049250   107.1433   13.4778   
2013 04 15  10 14 57.212728    90.4368   +1.8642   
2013 04 15  16 43 20.160950    13.0696    5.5841   
2013 04 16  03 53 41.771750   212.1097   14.9584   
2013 04 18  09 02 32.705450   277.4846   +5.6749   
2013 04 18  09 02 32.705450   277.6372   +5.7156   
2013 04 22  03 06 35.080100   221.7046   20.3546   
2013 04 22  03 06 35.080100   221.3149   20.3829   
2013 04 23  00 16 13.477800     9.2965   +0.9711   
2013 04 23  16 46 09.899250   254.1105  +10.4885   
2013 04 23  16 46 09.899250   254.2941  +10.5451   
2013 04 24  05 43 37.303254   108.9146   11.5117   
2013 04 24  11 03 04.961122   159.6671   11.3142   
2013 04 28  20 03 19.597274    15.9808    0.1473   
2013 04 29  13 35 08.453350   120.9093    0.6145   
2013 04 30  03 57 39.118860   268.1697   +7.7226   
2013 05 02  14 51 49.431000   115.2438  +16.4432   
2013 05 04  23 04 29.538600   103.1056   +0.9626   
2013 05 06  08 20 01.704180   290.7184  +11.9430   
2013 05 06  08 20 22.115476   290.6999  +11.9184   
2013 05 09  03 11 29.559934    11.1760    0.9165   
2013 05 09  07 53 23.274650   283.3132   +8.8803   
2013 05 10  10 19 54.171206   106.8306  +13.4126   
2013 05 11  14 49 33.392274     7.6928   +4.9818   
2013 05 12  07 23 31.663330   271.5003   +8.0155   
2013 05 12  20 17 51.143526   105.6018    7.7376   
2013 05 13  20 52 55.065104   263.6472   +9.3407   
2013 05 17  07 41 41.796858   111.9708  +22.2236   
2013 05 20  12 41 36.157274   177.5575   11.6269   
2013 05 20  19 59 50.016212   278.9711  +25.2440   
2013 05 22  01 51 20.754532   108.2026    1.9471   
2013 05 26  10 06 58.115550   168.8364   15.0928   
2013 05 26  22 29 15.204094   266.5044  +17.8823   
2013 05 28  08 10 28.237450   170.1676   12.7895   
2013 05 28  17 36 08.395000    11.4624    0.5621   
2013 05 28  23 09 21.074300   103.7246   +0.6986   
2013 05 29  20 32 10.632910   300.2566   +6.1497   
2013 05 29  23 07 07.974282   121.9201  +12.5302   
2013 05 29  23 07 07.974282   121.8095  +12.6570   
2013 06 05  10 32 01.554426   192.2932   14.2590   
2013 06 05  10 32 01.554426   192.3825   14.4128   
2013 06 06  16 55 49.998710   134.6307    2.4825   
2013 06 08  10 31 07.598600   271.7408  +23.5949   
2013 06 08  10 32 35.850332   271.7250  +23.5656   
2013 06 09  08 38 59.242400   265.1807  +12.0038   
2013 06 10  16 18 52.655576   118.0926   +1.8453   
2013 06 11  13 26 57.487026   262.6374  +23.8128   
2013 06 13  13 15 02.407310   279.4228  +10.6375   
2013 06 13  21 04 55.672900   135.2254  +17.5389   
2013 06 14  20 56 47.815398   133.4525  +18.9401   
2013 06 17  06 17 13.409700     7.9513   +4.5234   
2013 06 24  03 15 02.106020   289.3596  +23.3220   
2013 06 24  03 15 02.106020   287.3233  +25.2313   
2013 06 24  03 15 02.106020   289.6256  +23.3124   
2013 06 28  05 32 07.693500   167.9941  +15.5394   
2013 06 28  05 56 10.603652   261.1959  +16.6576   
2013 06 28  05 56 10.603652   260.9702  +16.7167   
2013 06 28  06 01 45.587100   275.5673   +9.2864   
2013 06 28  06 01 45.587100   277.2848  +11.4731   
2013 06 28  06 05 09.597774   284.6407   +9.0899   
2013 06 28  06 05 09.597774   285.6636  +10.0411   
2013 06 28  06 05 09.597774   284.5926   +9.0780   
2013 06 28  08 39 05.899718   104.3639  +11.1623   
2013 06 29  05 49 57.473324   268.6765  +12.7141   
2013 06 29  05 49 57.473324   268.5447  +12.6711   
2013 06 29  15 21 44.234474   118.6670  +13.9983   
2013 06 29  20 20 55.098500    86.7738    2.7971   
2013 06 30  18 38 12.776050   109.5798    6.9576   
2013 06 30  18 38 12.776050   109.5666    6.7456   
2013 06 30  22 49 39.581480   278.0115  +26.3414   
2013 06 30  22 49 39.581480   278.0105  +26.3609   
2013 07 01  00 29 50.942940   277.2655  +27.6605   
2013 07 01  16 47 57.426500   117.6289   +3.9932   
2013 07 04  02 41 16.039584   107.1820    5.8165   
2013 07 04  03 26 54.864800   269.0903  +17.3143   
2013 07 05  02 37 19.170850   118.5936    1.7413   
2013 07 05  03 14 25.144350   257.9270  +18.1486   
2013 07 05  20 25 47.656934   279.9686  +22.6706   
2013 07 07  20 07 07.387676   274.8057  +21.8365   
2013 07 08  18 37 19.896150   349.6999  +11.1173   
2013 07 09  07 22 18.328690   161.5458  +15.8422   
2013 07 09  07 22 18.328690   161.4165  +15.6232   
2013 07 09  22 39 20.928764   149.6075    2.8862   
2013 07 10  23 07 49.938668   280.4377  +10.5537   
2013 07 12  00 34 52.723774   256.0334  +10.9483   
2013 07 12  00 34 52.723774   256.0956  +11.0554   
2013 07 12  21 07 43.744762   279.3809  +18.2328   
2013 07 13  17 41 35.131384   299.1537  +24.9202   
2013 07 18  18 31 45.633626   271.5282  +18.9419   
2013 07 19  14 59 53.864364   268.8589  +25.5339   
2013 07 20  13 31 56.303176   351.0527  +12.6382   
2013 07 20  16 34 20.041012   274.2502  +23.3884   
2013 07 21  19 14 03.079950   138.6022  +17.8269   
2013 07 21  19 14 03.079950   138.6664  +17.8362   
2013 07 23  09 22 18.429800   276.3305  +12.1691   
2013 07 23  09 22 18.429800   276.1500  +12.1267   
2013 07 26  07 11 34.688000   267.9109   +8.9532   
2013 07 27  05 26 03.281800   282.2775   +9.1974   
2013 07 27  13 17 27.798750   145.4110    2.6732   
2013 07 28  10 15 33.783100   253.0038  +24.0417   
2013 07 28  12 05 55.706000   284.2046  +19.1007   
2013 07 28  20 02 27.665692   164.1555  +20.8167   
2013 07 28  21 30 08.986150   110.4609  +19.3031   
2013 07 29  00 22 12.336378   349.0521   +8.3957   
2013 07 29  00 22 12.336378   348.7798   +8.4267   
2013 07 29  05 07 23.269996   276.2327  +11.4364   
2013 07 29  13 32 15.994950   258.5975  +17.0947   
2013 07 31  19 37 53.962852   165.1293  +17.4134   
2013 08 03  20 33 54.102752    91.7024  +23.5034   
2013 08 09  03 34 49.048560   280.2089  +24.6954   
2013 08 09  08 38 24.847150   269.1974  +13.2918   
2013 08 09  14 20 38.173080    29.2494   +3.3296   
2013 08 09  16 32 37.391278   138.7647  +15.4921   
2013 08 11  06 43 23.586550   284.2822   +8.7950   
2013 08 12  01 24 57.369400   268.5176  +20.9406   
2013 08 12  01 24 57.369400   268.4089  +20.8582   
2013 08 13  21 47 26.486250   286.7697  +11.2270   
2013 08 14  06 15 03.888886   280.9418   +9.5516   
2013 08 16  04 17 23.192926   276.6574  +15.0415   
2013 08 18  02 19 06.755126   283.4549  +20.1106   
2013 08 18  19 20 50.267756   276.0680   +9.4691   
2013 08 26  14 50 06.084050   279.9153  +14.7157   
2013 08 26  23 20 13.025024   281.9032  +11.1292   
2013 08 28  12 51 39.714976   282.9098   +8.3737   
2013 08 29  20 31 26.156978   134.8912    2.2287   
2013 09 01  21 52 10.881676   147.6996  +16.3137   
2013 09 02  13 44 20.843800   257.0228  +17.9075   
2013 09 02  18 55 44.807432   278.6284  +12.2585   
2013 09 02  20 01 27.747850   147.0771  +15.2703   
2013 09 03  06 07 06.762912   124.5116   +6.1556   
2013 09 04  03 43 57.165100     6.2774   +7.3145   
2013 09 05  02 33 55.272050   153.7356  +15.5850   
2013 09 05  10 00 43.403468   282.2433   +8.0501   
2013 09 05  19 36 14.124146   145.2044  +14.7452   
2013 09 05  19 36 14.124146   145.1799  +14.7298   
2013 09 06  02 22 52.342550   145.5646  +16.2950   
2013 09 06  03 58 38.657728   121.6583  +15.2165   
2013 09 06  05 41 38.172400   118.1836   +1.0144   
2013 09 07  14 13 53.004826   152.2348    6.2802   
2013 09 07  16 24 50.215094   254.5227  +21.3156   
2013 09 07  16 32 15.662466   282.9949  +12.3233   
2013 09 07  16 33 28.572140   287.8256  +14.0152   
2013 09 08  14 03 38.619076   147.3047    2.4884   
2013 09 10  22 07 26.127426   106.6203  +20.1888   
2013 09 12  02 29 16.578696   344.9187   +9.6300   
2013 09 12  14 08 20.751350   288.7604  +11.3248   
2013 09 13  00 43 01.845432   354.9431  +13.5872   
2013 09 13  00 44 11.526600   355.0532  +13.5872   
2013 09 14  03 37 58.501226   285.7300   +5.3685   
2013 09 14  03 37 58.501226   285.8744   +5.3784   
2013 09 14  03 37 58.501226   285.6594   +5.3233   
2013 09 14  05 21 13.842000   285.8713  +17.6843   
2013 09 15  00 47 49.354600    82.3771  +16.4767   
2013 09 15  00 47 49.354600    82.4036  +16.5018   
2013 09 15  08 35 34.403126   286.8589  +27.3334   
2013 09 15  08 35 34.403126   286.8643  +27.4166   
2013 09 15  13 34 51.968224   256.4167  +17.3464   
2013 09 17  11 44 50.112692   288.4972   +5.3191   
2013 09 19  20 46 34.746380    97.2916  +25.1035   
2013 09 20  06 06 53.429600   267.3225  +19.5696   
2013 09 21  10 40 57.950962   179.8567  +25.5218   
2013 09 21  12 22 46.596526   182.8277  +26.9705   
2013 09 22  09 18 05.888262   283.3791   +6.0331   
2013 09 22  22 56 54.968792   287.1317   +5.2343   
2013 09 25  05 25 13.640674   273.7153  +28.3957   
2013 09 26  01 47 33.885512   253.9536  +20.6166   
2013 09 26  15 02 36.972790   176.5405   +5.9614   
2013 09 27  06 52 56.194688   279.9674  +10.2207   
2013 10 01  02 52 54.971424   281.3583  +21.0725   
2013 10 01  05 39 06.955524   138.6138  +14.5224   
2013 10 01  05 39 06.955524   139.9919  +15.6826   
2013 10 01  05 39 06.955524   140.1254  +15.7093   
2013 10 05  16 46 08.552682    90.4367    3.5957   
2013 10 08  20 43 12.380550   298.1309  +23.6797   
2013 10 11  17 17 53.935376    25.4347   +3.8549   
2013 10 16  04 37 07.730548    19.9198   +5.5507   
2013 10 17  09 59 04.159764   102.3258   +2.2541   
2013 10 18  12 20 37.777724   269.3496  +13.3791   
2013 10 18  15 18 28.434000   179.1298    7.5648   
2013 10 18  18 40 42.838176   164.7193  +13.5675   
2013 10 19  10 33 24.834400   279.8629   +9.4754   
2013 10 19  10 33 24.834400   279.6252   +9.9061   
2013 10 21  14 10 12.477950    25.6947    6.5606   
2013 10 24  08 10 50.776344   289.5882  +16.4796   
2013 10 24  08 10 50.776344   289.6310  +16.7075   
2013 10 24  18 11 59.057550   253.4225  +14.1438   
2013 10 27  07 37 51.109800   262.2679  +14.2459   
2013 10 29  03 06 33.188250   100.6510   +7.9245   
2013 10 29  05 40 09.769550   268.9924  +14.0788   
2013 10 29  05 40 09.769550   268.3553  +13.6091   
2013 10 30  05 37 01.496070   291.6316  +18.6156   
2013 10 30  05 40 01.038900   302.0401  +21.7769   
2013 10 31  08 53 19.737074   299.5027  +25.7472   
2013 10 31  14 47 08.761200    98.7051   +0.8503   
2013 10 31  14 47 08.761200    98.8447   +0.8074   
2013 10 31  20 10 01.842050   160.4390  +14.2433   
2013 11 01  14 38 59.874972   102.5269   +1.5856   
2013 11 01  18 07 38.930350   118.7848  +21.4096   
2013 11 02  14 35 25.236842   118.7030  +14.8499   
2013 11 04  09 55 12.610914   274.3902  +20.3368   
2013 11 05  00 26 53.394202   103.6701    6.4793   
2013 11 05  12 27 47.309176   122.4024  +12.1109   
2013 11 06  09 30 35.154840   253.5624  +20.4357   
2013 11 08  02 32 31.783750   276.2742  +18.8807   
2013 11 08  09 18 30.717350   271.8214  +10.9139   
2013 11 08  23 02 11.726304   287.0130  +11.2228   
2013 11 09  14 49 42.720260    22.9636    1.7487   
2013 11 10  00 35 18.122150   282.4569  +20.2754   
2013 11 10  12 58 55.775144    28.7230    6.0336   
2013 11 10  21 53 36.763500   105.4847    7.2164   
2013 11 11  04 18 02.341176    21.8409   11.6096   
2013 11 13  00 04 22.713476   266.6483  +15.2772   
2013 11 13  06 54 11.176880   278.2225  +10.4975   
2013 11 16  06 27 35.409274   275.5484   +9.3914   
2013 11 30  16 51 53.958650    23.5727    1.4077   
2013 12 01  10 34 42.147300   166.3301   17.4803   
2013 12 02  02 55 37.733196    22.7068    2.6735   
2013 12 04  16 47 39.094600   132.0628   11.7348   
2013 12 04  16 52 21.411470   149.2784    5.3465   
2013 12 06  07 51 29.171900   105.7932    2.1980   
2013 12 06  21 12 06.900950    47.9155   13.3381   
2013 12 10  04 08 17.518576   160.4486   14.2204   
2013 12 10  12 35 41.493920   151.8230    9.7529   
2013 12 11  08 13 54.470834   343.2052  +28.0738   
2013 12 11  17 04 01.069650    47.5081   23.1870   
2013 12 12  10 38 13.516728   159.3790   14.7524   
2013 12 12  15 55 23.164560   194.2776  +25.0615   
2013 12 13  17 28 40.162394   196.7381  +26.4036   
2013 12 15  11 47 45.966288   141.0294   11.1287   
2013 12 17  13 25 43.105226   181.0281  +26.7314   
2013 12 17  13 25 43.105226   181.0759  +26.8536   
2013 12 20  17 19 51.397512    23.2598    5.9708   
2013 12 21  21 34 33.881400   230.5944   24.0847   
2013 12 21  21 34 33.881400   230.3566   24.2165   
2013 12 22  05 07 15.970076    23.8330    3.7001   
2013 12 22  05 12 28.255038    41.6583   13.1579   
2013 12 22  05 12 28.255038    41.4528   12.9856   
2013 12 22  13 38 00.081374    30.0175   16.7542   
2013 12 22  13 38 00.081374    30.1743   16.6260   
2014 01 02  16 19 28.267526   218.9613   24.2571   
2014 01 04  09 59 59.783850    25.2337    3.7195   
2014 01 06  21 37 31.350350    23.3521    4.0105   
2014 01 09  11 41 11.607200   177.2294   10.9660   
2014 01 09  13 05 22.946350   117.1165   +3.3767   
2014 01 10  21 38 15.016776   155.0000    7.2590   
2014 01 12  02 49 44.644626   206.0037  +22.0676   
2014 01 13  18 52 16.851350    25.9498    7.9041   
2014 01 17  16 33 56.708944    18.9532   10.2779   
2014 01 19  08 42 12.322256   231.0278   24.8766   
2014 01 20  03 28 35.564562   232.0213   17.0225   
2014 01 21  21 22 28.312982    87.6601   +1.6574   
2014 01 22  13 03 08.003126   160.7250   13.1628   
2014 01 23  15 46 29.196620    43.3680   23.0202   
2014 01 24  05 51 12.191574   136.1927   12.9531   
2014 01 25  01 35 52.252750   354.8708   +1.1866   
2014 01 26  04 00 42.944800   169.6923   16.8613   
2014 01 27  10 29 34.488624   136.4420   21.2996   
2014 01 28  21 45 15.720576    27.1489   +1.2126   
2014 01 29  05 05 39.559732   135.0013   18.3582   
2014 02 02  20 51 27.792570   359.7859   +1.7485   
2014 02 02  20 52 09.229926     2.8472   +3.0845   
2014 02 04  09 19 48.615400   148.3320    2.1020   
2014 02 04  09 19 48.615400   145.4941    5.3872   
2014 02 04  13 56 34.061000    45.4755   21.2550   
2014 02 05  01 19 19.675138   283.3805   +6.4408   
2014 02 05  06 50 52.166270    15.2256    2.9789   
2014 02 07  07 06 10.685050   134.7803   13.0295   
2014 02 08  19 20 58.651488   232.8494   25.7605   
2014 02 08  19 20 58.651488   232.8474   25.5849   
2014 02 09  04 40 56.219886    44.0954   11.6027   
2014 02 17  06 56 52.447602    60.8350   14.3430   
2014 02 20  20 06 24.024496    55.4722    4.7350   
2014 02 20  20 06 24.024496    55.4927    4.7473   
2014 02 26  19 03 07.329112    27.1249    3.2156   
2014 03 03  11 52 21.845000   108.1357    7.8116   
2014 03 04  14 03 30.767826   244.4565   +6.0485   
2014 03 04  21 34 28.842968    31.5145   24.7784   
2014 03 05  11 38 55.150700   125.8899   16.2623   
2014 03 06  17 48 27.562530    21.7536   20.9346   
2014 03 06  17 49 57.407374    25.5205   21.7251   
2014 03 07  16 24 08.820618   121.9140   17.8399   
2014 03 08  11 46 49.368254   254.7733  +12.8593   
2014 03 08  11 46 49.368254   254.8268  +12.9737   
2014 03 08  17 55 53.531744   116.7485   10.6401   
2014 03 11  03 15 18.818960   351.1667   +3.3147   
2014 03 14  05 10 55.525090   129.9058   13.7230   
2014 03 14  05 10 55.525090   129.6814   14.1471   
2014 03 16  15 00 18.736000   118.2055    1.7665   
2014 03 19  14 27 40.752442   104.1190    3.7659   
2014 03 27  11 27 29.217498    88.5851   +2.3196   
2014 04 01  19 20 12.911596   117.2938    4.5586   
2014 04 02  16 10 10.077450   201.4893   22.6879   
2014 04 06  20 58 51.097462   267.1435  +14.3602   
2014 04 06  20 58 51.097462   267.1406  +14.5708   
2014 04 08  20 40 44.543126   274.2743  +21.8914   
2014 04 08  20 40 44.543126   274.1070  +21.8363   
2014 04 08  20 40 44.543126   274.2713  +21.8281   
2014 04 08  21 04 53.926950     1.9782   +8.5825   
2014 04 10  02 30 51.101234   109.6074    5.4921   
2014 04 17  13 46 12.047604   198.7713   19.3088   
2014 04 18  17 50 40.726304    10.2433    3.8620   
2014 04 19  04 02 43.311450    10.4445    3.7940   
2014 04 20  00 46 59.931020    71.1374   +2.9218   
2014 04 20  15 53 18.032574    23.8192    1.4113   
2014 04 22  07 41 47.876200   157.1115   12.0513   
2014 04 24  00 08 34.726640    74.5998   +9.2432   
2014 04 24  07 16 47.554506   134.0498    9.3292   
2014 04 24  10 57 38.157924   199.9751   19.0676   
2014 04 27  07 31 38.552858   288.6420   +9.0702   
2014 04 30  06 00 23.737498    68.1898   +3.4302   
2014 05 02  10 33 13.627400    18.1338    5.0372   
2014 05 02  10 33 13.628150    18.1338    5.0372   
2014 05 02  14 23 16.478300   109.9021    6.9673   
2014 05 03  17 29 59.712500    78.1795   +6.7430   
2014 05 05  10 00 03.401850     6.6423    3.6408   
2014 05 05  12 56 59.867474   271.8525  +11.5618   
2014 05 09  11 34 57.279352   115.1802   +4.7089   
2014 05 10  07 01 02.166306   261.8819  +23.9569   
2014 05 15  01 42 02.279106    24.8544   +2.8795   
2014 05 15  08 54 59.736150   118.4215   +5.4004   
2014 05 15  20 45 53.152950   102.2507   +2.0598   
2014 05 19  00 19 28.949000   229.9573   +7.9644   
2014 05 20  08 04 18.939500   104.6538   +7.2117   
2014 05 20  08 04 18.939500   104.4608   +7.2006   
2014 05 20  13 37 43.687238   199.8946    9.6340   
2014 05 22  16 19 05.871906   111.5421   +1.4468   
2014 05 22  20 24 58.784950   260.5767  +13.0680   
2014 05 22  20 24 58.784950   260.0263  +13.8551   
2014 05 27  01 56 40.804876   128.8833   +2.7788   
2014 05 27  12 07 31.310972   122.4477   +8.4237   
2014 05 27  16 58 49.132400    67.7579   +7.0569   
2014 05 28  13 41 40.264900   125.5867    2.7304   
2014 05 31  09 47 06.996796   122.2072  +10.3644   
2014 06 01  09 32 21.810950   103.2651  +11.7358   
2014 06 03  09 24 58.139218   139.1853    2.9992   
2014 06 04  07 17 19.334050    91.1826  +22.1980   
2014 06 05  07 17 41.427402   124.9811  +11.9410   
2014 06 09  01 24 19.741376    92.3063  +26.4225   
2014 06 11  08 44 50.287248   273.3889   +9.6615   
2014 06 11  08 46 23.101516   277.9979  +10.2494   
2014 06 11  15 02 34.350488   166.3155   +6.6401   
2014 06 12  08 33 15.451300   273.3235   +7.4815   
2014 06 12  17 08 51.255500   283.4957   +6.0327   
2014 06 13  21 08 44.282490    88.9003  +15.6489   
2014 06 19  07 57 42.400624    21.8612   +2.1329   
2014 06 19  16 59 57.897004   131.4544  +19.8344   
2014 06 22  03 35 20.425676   276.5318  +10.2376   
2014 06 23  08 25 03.764900   260.6007  +23.0222   
2014 06 23  12 54 02.520750   125.4506   +7.0730   
2014 06 25  12 40 41.389544   145.1467  +17.2657   
2014 06 25  12 40 41.389544   145.8538  +17.7455   
2014 06 28  02 31 44.133946   265.6501  +17.5916   
2014 06 28  20 31 56.966722   110.9193   +8.3274   
2014 06 29  09 13 58.908226   277.0518   +7.6345   
2014 06 29  09 13 58.908226   276.9461   +7.5193   
2014 06 29  17 05 25.927500   141.8865  +13.3945   
2014 07 01  02 07 22.375480   277.2330  +26.1693   
2014 07 01  18 22 09.437550   118.0239   +6.1342   
2014 07 01  22 33 03.209170   275.0741   +7.3511   
2014 07 02  16 23 10.053550    94.1190  +26.1764   
2014 07 04  06 35 29.025482   256.1214  +17.2062   
2014 07 04  11 05 12.272126   116.4896  +24.9003   
2014 07 06  01 18 29.244626   285.5424  +27.2023   
2014 07 06  01 19 11.834476   282.8398  +24.4935   
2014 07 06  06 23 06.741974   277.6305   +4.6685   
2014 07 06  06 24 19.934326   278.7437   +3.6526   
2014 07 10  21 27 38.404244   354.3065   +8.6822   
2014 07 13  02 55 21.238950   137.3719  +16.7778   
2014 07 13  22 18 40.208836   279.9449  +22.0065   
2014 07 16  05 51 20.680104   144.6652  +23.2682   
2014 07 18  14 35 25.748814   258.7310  +10.0271   
2014 07 21  02 00 54.372802   223.7247  +10.2925   
2014 07 21  02 00 54.372802   223.5180  +10.4983   
2014 07 21  02 00 54.372802   224.1600   +9.7818   
2014 07 21  15 55 02.830900   282.3658  +25.2131   
2014 07 22  10 37 50.581834   282.1619   +4.6399   
2014 07 23  10 27 43.989576   282.1983   +4.0678   
2014 07 24  00 54 44.609212    91.0485  +18.5096   
2014 07 25  11 45 38.488576   262.5705  +14.5293   
2014 07 25  20 20 46.724676   278.0881   +6.7588   
2014 07 25  21 16 51.220150   112.9969  +18.1911   
2014 07 28  18 05 33.354500   266.3459  +11.3660   
2014 07 30  09 14 41.822522   258.4249  +13.4815   
2014 07 30  18 58 42.136978   158.2913  +26.1256   
2014 07 31  09 09 33.504000   279.5882  +20.6385   
2014 08 01  05 40 22.521592   295.2566   +7.8224   
2014 08 01  05 40 22.521592   295.2961   +7.9409   
2014 08 01  10 40 02.972850   274.1410  +25.0902   
2014 08 03  08 31 37.952900   245.1993  +17.3803   
2014 08 03  08 31 37.952900   244.8947  +17.2288   
2014 08 03  08 31 57.001750   244.4218  +17.1078   
2014 08 03  10 11 40.360780   243.9783  +15.2446   
2014 08 03  10 12 20.791950   244.1329  +17.3829   
2014 08 03  10 12 20.791950   244.2320  +17.2674   
2014 08 03  15 20 52.206644   255.1452  +17.6198   
2014 08 04  08 19 40.884076   240.5371  +13.9228   
2014 08 04  08 29 34.898012   276.7156  +25.0085   
2014 08 05  11 42 55.099952   276.2885  +18.7749   
2014 08 06  03 09 25.351900   293.1569   +7.1867   
2014 08 06  15 56 51.231000   119.1263  +22.5595   
2014 08 07  13 02 50.866600   269.1124  +11.8770   
2014 08 09  02 34 26.066198   276.7125  +12.8798   
2014 08 09  02 34 26.066198   276.5457  +13.0195   
2014 08 10  05 49 30.635448   280.0191  +23.8741   
2014 08 10  05 49 30.635448   280.1395  +23.6335   
2014 08 10  10 52 33.071378   270.1452  +12.3824   
2014 08 10  10 52 33.071378   269.8446  +12.5000   
2014 08 10  10 52 33.071378   270.2431  +12.4411   
2014 08 10  10 52 33.073564   270.1452  +12.3824   
2014 08 10  10 52 33.073564   269.8446  +12.5000   
2014 08 10  10 52 33.073564   270.2431  +12.4411   
2014 08 12  10 32 37.989112   269.1281  +13.9538   
2014 08 12  10 32 37.989112   269.1400  +13.9381   
2014 08 13  00 13 29.701300   279.0494   +8.1464   
2014 08 13  08 03 03.734818   136.7378    2.3406   
2014 08 13  09 49 17.121150   148.4681  +16.4966   
2014 08 14  00 04 41.162076   280.3555  +10.8926   
2014 08 14  19 53 38.577426   153.1230    7.0499   
2014 08 15  19 33 34.935370   120.8020   +9.8891   
2014 08 15  20 27 57.805178   303.7806   +5.7565   
2014 08 18  01 35 37.102468    27.0807   +1.4068   
2014 08 21  11 52 44.750082   142.6889  +22.5427   
2014 08 21  21 32 08.008120    24.0428   +9.1674   
2014 08 23  16 29 59.126000   108.9577    0.0690   
2014 08 24  04 37 31.758000   148.6441  +15.4144   
2014 08 26  07 32 40.551250   115.0228  +25.2191   
2014 08 26  07 33 03.676450   117.4003  +27.1241   
2014 08 26  11 02 47.528450   138.9764  +16.4923   
2014 08 27  10 50 42.304750   132.7988  +14.4449   
2014 08 28  23 14 36.392826   270.3527  +21.5153   
2014 08 28  23 14 51.962976   270.0330  +21.1546   
2014 08 28  23 27 16.959678   310.6905   +9.2154   
2014 08 28  23 27 16.959678   310.3948   +9.1773   
2014 08 29  08 51 32.560896   145.0805  +17.6551   
2014 08 29  08 51 32.560896   145.2800  +17.7285   
2014 09 03  01 04 34.678320   107.2862   +8.0420   
2014 09 03  09 33 31.492300   101.6835  +13.0800   
2014 09 03  09 33 31.492300   101.6117  +13.2615   
2014 09 03  22 20 42.894854   283.6894   +5.4208   
2014 09 04  07 49 21.934050   128.8409   +9.6007   
2014 09 09  03 43 51.753782   160.5861   +9.1383   
2014 09 09  03 43 51.753782   160.5552   +9.1573   
2014 09 10  12 45 50.865912   301.8957  +26.4107   
2014 09 11  03 04 45.077442    88.5057  +25.5979   
2014 09 11  11 15 52.982736    22.5349   +8.1219   
2014 09 16  13 14 59.015014   251.1514  +24.3429   
2014 09 16  16 14 08.838066   161.5005  +21.6490   
2014 09 18  08 03 01.570900   301.1286  +24.3203   
2014 09 18  08 03 01.570900   301.1436  +24.3109   
2014 09 18  19 10 10.693324   138.8892  +23.0642   
2014 09 18  20 39 49.919210    85.2207  +18.4865   
2014 09 20  15 35 27.052500   170.8997  +23.4200   
2014 09 21  10 48 38.941630   273.4600  +23.0602   
2014 09 21  10 48 38.941630   273.5652  +23.1361   
2014 09 22  05 43 30.867322   312.3554  +30.6818   
2014 09 22  10 39 09.888544   279.2602  +18.9923   
2014 09 23  10 31 02.523958   285.6029  +12.1990   
2014 09 24  03 35 57.465450   292.0622  +18.8328   
2014 09 24  08 35 48.220312   271.2244  +26.5629   
2014 09 24  08 35 48.220312   271.2373  +26.5486   
2014 09 27  14 07 36.226900   101.4779  +17.4173   
2014 09 28  17 00 08.094576    25.9513   +6.1413   
2014 09 28  17 00 08.094576    25.9060   +5.7292   
2014 09 29  00 58 26.152064   274.2322   +9.9475   
2014 09 29  18 58 57.607514   124.5047  +10.9015   
2014 09 30  07 37 42.449434   280.3128  +18.9508   
2014 10 01  05 45 59.083574   280.5184  +19.5173   
2014 10 02  00 28 02.276938   269.8361  +15.6438   
2014 10 03  07 02 45.990150   262.6309  +11.0665   
2014 10 04  03 29 24.438074   263.0635  +24.2291   
2014 10 04  20 36 12.904476   282.2164   +8.3076   
2014 10 05  00 00 59.701612   282.8338  +24.7989   
2014 10 05  22 05 52.465262   267.3855  +15.1654   
2014 10 06  20 16 12.759248   278.7106   +8.2195   
2014 10 08  04 30 02.649020   261.6020  +15.8578   
2014 10 10  08 30 08.075750    87.1828  +20.9094   
2014 10 15  01 44 46.530968   283.5632   +5.0318   
2014 10 15  01 44 46.530968   283.5915   +5.2068   
2014 10 15  06 17 15.572006   167.6958  +23.7380   
2014 10 16  02 45 23.841474   173.3369  +24.0053   
2014 10 16  02 45 23.841474   173.2535  +24.0451   
2014 10 17  02 12 03.452850    95.4369   +1.2750   
2014 10 18  14 52 10.922400   283.3366  +11.5050   
2014 10 18  19 56 24.536150   277.1180  +20.3584   
2014 10 18  19 56 24.536150   277.0811  +20.5872   
2014 10 20  11 48 22.961850    74.8902  +12.7240   
2014 10 21  22 14 45.353736   152.5980  +18.8393   
2014 10 23  20 52 40.175800   293.1909   +0.8074   
2014 10 23  23 22 11.963520    97.1917   +6.9425   
2014 10 24  03 00 27.548410   154.2142  +18.3955   
2014 10 24  03 00 27.548410   153.9360  +18.4591   
2014 10 24  03 00 27.548410   154.5056  +19.9953   
2014 10 28  17 33 27.650900   128.9970   +0.9251   
2014 10 29  09 33 36.138846   271.3943  +12.7461   
2014 11 04  01 11 39.662400   153.8220    5.0030   
2014 11 05  05 31 37.095172    38.6866  +18.0296   
2014 11 06  14 14 49.958624   113.8220   +4.4239   
2014 11 07  22 27 26.691350    89.2011  +21.2294   
2014 11 08  15 32 19.222602   100.2259  +13.1773   
2014 11 08  15 32 19.222602    99.9236  +12.9813   
2014 11 10  23 42 55.155600    97.8542   +7.2279   
2014 11 10  23 42 55.155600    97.8756   +7.0885   
2014 11 11  05 43 37.962820   287.9287  +23.8779   
2014 11 11  07 24 37.314534   288.2935  +23.7777   
2014 11 11  07 24 37.314534   288.3076  +23.7895   
2014 11 15  11 01 46.198100   115.7854  +11.8080   
2014 11 15  14 36 50.398150   152.6885  +18.9294   
2014 11 15  14 36 50.398150   152.5285  +18.5779   
2014 11 15  16 15 49.681124   145.3667  +15.3805   
2014 11 15  16 15 49.681124   145.3302  +15.2913   
2014 11 16  07 30 38.689374   131.4807    0.7749   
2014 11 16  21 03 04.719098   112.6419    3.7078   
2014 11 17  21 39 52.302700   278.1479   +8.3573   
2014 11 17  21 39 52.302700   278.1466   +8.3593   
2014 11 18  07 09 03.974000   127.6200   +1.0505   
2014 11 18  07 09 03.974000   127.6912   +1.0468   
2014 11 19  17 09 21.353310   115.6574  +13.0416   
2014 11 19  17 09 21.353310   115.8280  +13.1164   
2014 11 19  17 14 51.181050   136.8580    0.8630   
2014 11 20  01 11 59.667476    13.6550    0.0182   
2014 11 21  13 35 37.207478   159.8407  +10.1944   
2014 11 21  13 35 37.207478   159.8469  +10.3420   
2014 11 23  16 30 04.174350   118.8186    1.3899   
2014 11 25  07 15 35.938100    46.6913   12.6860   
2014 11 25  16 03 11.976598   102.7988   +1.3477   
2014 11 25  21 58 30.029750   274.5012  +23.7097   
2014 11 26  00 40 00.757700   124.3820   13.2751   
2014 12 07  18 42 12.673650    16.4258   16.6419   
2014 12 11  10 06 07.900916   142.1474   22.8831   
2014 12 11  14 36 13.725750    21.2178    0.1908   
2014 12 13  18 56 12.766700   284.5355   +1.9563   
2014 12 14  14 04 33.398542    16.0293   10.8226   
2014 12 15  00 15 40.089950    10.4811    3.4077   
2014 12 18  05 21 40.639850   121.7219   11.7982   
2014 12 18  05 21 40.639850   121.9982   11.6638   
2014 12 18  12 19 59.025750   156.5832    6.5541   
2014 12 19  11 31 48.203602    16.7983   10.2402   
2014 12 22  17 52 16.964584    37.1975   10.6209   
2014 12 27  05 45 28.972796   183.9695    6.8058   
2015 01 02  06 07 48.519950   119.0400   15.1351   
2015 01 02  16 32 20.859650   163.4409   +3.4522   
2015 01 06  15 55 04.891574   168.1247   13.6820   
2015 01 09  16 49 19.270350   122.8538    1.5214   
2015 01 15  14 11 58.439142   146.0156   19.5055   
2015 01 18  10 21 47.754400   170.4710   13.6118   
2015 01 24  07 37 31.585200   172.1834   14.1337   
2015 01 24  10 47 45.009958   125.6124   15.2976   
2015 01 24  10 47 45.009958   125.1542   16.1004   
2015 01 25  03 17 37.466850    14.4975    1.1631   
2015 01 25  04 06 53.421850   191.8001    8.5809   
2015 01 25  04 06 53.421850   191.4754    8.4213   
2015 01 25  04 06 53.421850   191.4861    8.3826   
2015 01 25  14 14 07.663190   179.0131   11.2383   
2015 01 25  14 14 07.663190   179.1481   11.2458   
2015 01 25  15 19 06.279200    38.7002   16.2692   
2015 01 25  15 47 00.057900   142.5929   19.1312   
2015 01 26  07 10 14.026822   152.0518   17.0157   
2015 01 26  07 10 14.026822   152.1401   16.5823   
2015 01 26  07 10 14.026822   152.7445   17.1781   
2015 01 27  08 35 51.931514   129.8764   14.3729   
2015 01 27  17 02 12.972276   119.3600    8.7170   
2015 01 27  17 02 12.972276   119.7573    8.5401   
2015 01 29  21 35 30.187104    78.4224   +4.9944   
2015 01 30  06 18 36.535300   115.9568    7.0979   
2015 01 30  19 32 25.106382    45.3472   21.3602   
2015 01 31  06 08 57.267790   116.9900    7.7717   
2015 02 02  04 29 30.986100   206.6315   24.1220   
2015 02 02  05 37 43.659302    93.2934   +2.3332   
2015 02 02  07 30 28.135350   126.4619   16.9481   
2015 02 02  07 30 28.135350   126.4318   17.0854   
2015 02 02  10 27 22.942000    30.6411    9.6688   
2015 02 03  10 40 50.229050   117.2691   22.8268   
2015 02 06  04 47 33.227456    62.7975   +5.9060   
2015 02 06  13 30 10.656524   110.5145    6.3933   
2015 02 06  13 30 10.656524   110.9118    5.2798   
2015 02 10  09 30 02.146408   131.5580   13.5485   
2015 02 12  13 46 36.122668    30.8418   16.7445   
2015 02 13  02 31 58.852588   211.6901   14.5115   
2015 02 13  08 48 29.044400   101.9839   14.2355   
2015 02 13  08 50 06.650800   101.6484   14.3595   
2015 02 13  15 13 10.153234    18.6913   13.0158   
2015 02 15  06 54 15.539076   133.2850   12.5587   
2015 02 18  12 37 51.731644    16.9952   13.8113   
2015 02 21  14 48 27.436650   224.9138   20.6914   
2015 02 22  05 12 53.891928    37.1997   21.2229   
2015 02 23  17 33 53.646518   165.8862   18.8098   
2015 03 02  12 45 53.321100   137.8644    3.1644   
2015 03 02  12 45 53.321100   137.9353    3.1277   
2015 03 02  12 58 41.100400   179.4981   19.9747   
2015 03 09  17 45 10.728524    21.6950    9.7295   
2015 03 11  11 09 26.627200   142.0438   16.0750   
2015 03 12  15 39 59.440868    50.5629   14.4130   
2015 03 16  08 30 03.888862   129.9527   14.1864   
2015 03 16  08 30 03.888862   129.4119   14.4175   
2015 03 18  09 36 39.035850    80.5764   12.4734   
2015 03 20  04 26 32.029874   142.1701   13.2647   
2015 03 22  15 34 02.899150    56.0313   20.9457   
2015 03 23  03 44 55.202298   113.5197    4.0963   
2015 03 26  18 03 53.431860    22.8330   13.3200   
2015 03 29  00 52 38.739316    95.1287   +2.4495   
2015 03 29  09 32 27.939402   131.8576    0.7260   
2015 03 29  23 03 11.305850   112.0372   +2.3970   
2015 03 31  22 37 05.038476    97.3494  +10.0363   
2015 04 01  00 14 08.929250    76.2195   +6.2986   
2015 04 01  10 24 36.088150    74.8015   16.9437   
2015 04 01  11 21 37.060738   270.8696   +4.4871   
2015 04 01  11 21 37.060738   270.8698   +4.4546   
2015 04 01  15 16 34.493400    21.8177    8.3097   
2015 04 04  20 16 26.413750   113.6536    1.0557   
2015 04 05  00 19 29.325954   245.5399   +8.2069   
2015 04 05  21 46 26.206724   106.0200    5.4751   
2015 04 09  21 01 12.071096   103.5389   12.1130   
2015 04 10  19 09 31.953158   105.4239    7.4812   
2015 04 10  23 22 18.799926   276.0873  +22.6851   
2015 04 11  07 41 27.899624   241.4354   +4.4974   
2015 04 17  02 13 23.365808    36.2782   27.0190   
2015 04 17  03 17 27.688218   266.7416   +6.5279   
2015 04 18  00 39 17.599976   106.2755    7.5927   
2015 04 18  12 48 44.404450   153.0625   16.3976   
2015 04 18  14 18 48.422800   112.0322    8.4247   
2015 04 23  12 28 31.380250   280.8048   +6.1579   
2015 04 23  12 28 31.380250   280.9898   +6.1653   
2015 04 23  12 28 42.589120   279.5356   +5.7377   
2015 04 23  18 02 12.917850    14.2572    4.9379   
2015 04 25  07 18 26.046704   340.8759   +4.4094   
2015 04 26  03 55 42.469190    25.9212   +4.5575   
2015 04 27  02 05 23.475186    38.4050   +2.1949   
2015 04 28  03 28 01.936518     4.7640    4.0105   
2015 04 28  09 52 10.293030   283.2533   +6.2920   
2015 04 28  15 26 21.824010    18.1699    5.9272   
2015 04 28  15 26 21.824010    17.3619    5.7133   
2015 04 28  15 26 21.824010    18.1249    5.6809   
2015 04 28  20 02 27.894324   277.9809   +2.7496   
2015 05 02  07 25 51.482464   283.1686   +4.8079   
2015 05 02  07 25 51.482464   283.1768   +4.7862   
2015 05 05  19 34 40.253100    89.0409  +12.0484   
2015 05 06  22 25 23.599800    12.5301    3.3810   
2015 05 09  01 51 04.314950    97.8840  +12.1013   
2015 05 09  14 37 25.244776   278.7497   +3.1652   
2015 05 10  05 47 07.929610   244.4215   +7.3827   
2015 05 10  05 47 07.929610   244.4577   +7.5985   
2015 05 11  16 50 52.587000   105.4069  +20.1247   
2015 05 12  16 33 29.444600    75.7412  +11.3217   
2015 05 13  12 10 11.214300   273.5009   +7.2678   
2015 05 14  19 16 09.523902    10.6558   +6.8873   
2015 05 17  09 39 56.261270   266.2383  +15.3244   
2015 05 17  23 24 41.948650   292.3955   +3.1068   
2015 05 20  08 22 56.193836   110.7056   +0.0528   
2015 05 21  21 39 17.954974    73.8808   +6.7844   
2015 05 22  03 37 03.392506   258.9521  +21.8488   
2015 05 23  21 16 00.869500    74.6338   +6.6279   
2015 05 25  01 25 38.153708   277.8435  +26.6191   
2015 05 27  17 14 38.719700   102.1479   +1.7338   
2015 05 27  21 22 26.043824   251.9513  +11.8397   
2015 05 28  22 42 23.817868   213.0910   +9.1733   
2015 05 29  05 41 30.423596   254.6166   +5.9765   
2015 05 30  04 52 42.020250   122.6704   +8.0421   
2015 06 03  02 24 04.595086   113.6068   +6.7563   
2015 06 05  14 42 31.228400   275.3038   +8.7335   
2015 06 07  22 45 59.409390   262.3812  +15.9542   
2015 06 07  23 45 55.340012   114.5801   +6.0207   
2015 06 08  03 08 40.259580   107.9789  +21.7052   
2015 06 08  09 55 40.425500   104.9822  +10.4048   
2015 06 08  23 33 28.568500   110.2194   +0.0956   
2015 06 10  09 32 44.161152   103.5108  +12.1119   
2015 06 10  11 16 03.416228   105.6476    6.6690   
2015 06 10  11 16 03.416228   105.6268    6.7024   
2015 06 11  21 21 20.589024   117.4320   +7.0197   
2015 06 13  11 30 01.103350   272.3601  +11.6269   
2015 06 14  09 35 06.031250   272.1483   +4.8979   
2015 06 14  09 39 58.850016   284.8682   +7.6488   
2015 06 16  20 20 04.005248   103.4326   +6.9989   
2015 06 21  06 35 32.614350   272.9455   +6.9922   
2015 06 21  16 03 49.131868   117.2050   +3.7726   
2015 06 23  17 20 02.424206   102.7805   +9.1686   
2015 06 23  17 20 02.424206   103.4444   +9.2471   
2015 06 23  23 00 30.947326   223.4062   20.2076   
2015 06 25  12 35 59.847914   264.5180  +19.3746   
2015 06 26  14 05 42.881230   260.6994   +7.3335   
2015 06 29  08 30 28.531100   274.8681  +29.0714   
2015 06 30  03 09 16.757026   260.5865   +9.6832   
2015 06 30  04 51 01.593220   256.5317  +17.1859   
2015 07 05  09 07 41.727600   282.3261   +5.5164   
2015 07 05  22 42 28.911106   278.0520   +5.8557   
2015 07 08  14 42 40.914150   145.1579  +17.1195   
2015 07 09  01 51 23.121506   344.8002  +13.1600   
2015 07 10  07 20 48.875900   105.7263   +4.5689   
2015 07 10  23 30 58.507864   288.9667  +25.0723   
2015 07 10  23 30 58.507864   288.9442  +25.1100   
2015 07 11  15 07 47.229688   348.6432   +9.1360   
2015 07 15  08 29 52.132000   188.7113  +15.4021   
2015 07 16  17 12 16.344826   271.8104   +4.1509   
2015 07 16  17 12 16.344826   271.8005   +4.1449   
2015 07 18  12 40 09.496950   110.4604  +16.5986   
2015 07 19  06 01 49.749200   189.8547  +15.9971   
2015 07 19  06 01 49.749200   190.0051  +16.2150   
2015 07 20  01 07 40.439800   270.7958  +15.1156   
2015 07 20  19 24 46.523200   177.4516    8.2447   
2015 07 22  10 17 58.618900   127.5806   +2.6962   
2015 07 22  11 55 04.606722   109.9750   +0.3651   
2015 07 22  11 55 04.606722   109.9086   +0.2555   
2015 07 23  08 39 51.348950   179.4046    8.8382   
2015 07 23  23 49 36.777860   146.5480  +18.2693   
2015 07 24  06 14 46.180950    70.5393  +22.6085   
2015 07 24  15 37 06.828900   253.6654  +14.1870   
2015 07 26  11 54 59.758226   272.2976   +3.5741   
2015 07 30  12 50 19.587100   259.2885  +13.5967   
2015 07 31  12 36 17.780752   255.5144  +15.1000   
2015 08 01  12 33 21.732262   288.3628  +23.8897   
2015 08 01  13 43 20.742646   173.7710    8.4105   
2015 08 01  15 48 36.755300   252.9180  +22.3591   
2015 08 01  20 10 23.454950    98.1616   +0.7830   
2015 08 02  07 19 16.002960   293.1673   +7.4859   
2015 08 08  07 48 50.661950   280.9064  +20.3125   
2015 08 11  19 37 23.175624    23.2291    1.8559   
2015 08 12  01 08 19.904266   107.3041   +2.1098   
2015 08 12  08 43 12.046026   271.3639  +29.5618   
2015 08 17  01 01 08.208000   284.7550   +7.6715   
2015 08 19  09 07 12.315274   278.1406   +6.5850   
2015 08 19  09 07 12.315274   278.1365   +6.6931   
2015 08 20  08 56 46.346524   282.2523   +6.3353   
2015 08 24  21 53 30.758900   297.1896  +16.6401   
2015 08 25  08 55 41.506774   113.6550  +12.3444   
2015 08 25  08 55 41.506774   113.7697  +12.3838   
2015 08 28  04 03 43.877538   286.3188   +8.0843   
2015 08 28  04 03 43.877538   286.3351   +8.3120   
2015 08 28  13 23 54.214250   105.5952  +21.4084   
2015 08 28  13 26 04.357650   113.4048  +18.7205   
2015 08 29  05 25 19.615452   254.6795  +12.3698   
2015 08 29  21 14 51.718300     3.3644  +12.4537   
2015 08 30  22 15 31.008494   255.0141  +20.4738   
2015 09 01  12 32 40.415356    83.6741  +22.4737   
2015 09 01  12 32 50.350200    83.8089  +22.5038   
2015 09 01  12 32 50.350200    83.5849  +22.5688   
2015 09 03  10 38 36.290900   120.7268  +17.7254   
2015 09 03  13 56 41.305370   101.0123   +4.5920   
2015 09 04  21 23 43.910236   277.9346  +27.5787   
2015 09 05  19 24 50.507000   250.8434  +25.6646   
2015 09 06  19 19 52.972700   279.2344  +25.3694   
2015 09 09  02 39 33.694750   106.5508  +20.3796   
2015 09 11  07 23 46.820226   113.9249  +16.3118   
2015 09 12  14 47 41.313122   276.2821  +24.3485   
2015 09 13  14 44 58.036050   312.4289  +25.2579   
2015 09 14  08 22 28.997284    83.2590  +13.1524   
2015 09 14  14 27 16.620434   286.7440  +29.5214   
2015 09 16  08 55 07.767564   272.5438   +6.4761   
2015 09 16  18 37 16.544876   166.4929  +18.6789   
2015 09 17  07 06 55.741694   293.4993   +0.0523   
2015 09 18  06 56 52.278896   296.2705   +7.5709   
2015 09 19  00 40 03.892392    87.5949  +22.1730   
2015 09 19  00 40 08.898382    90.9028  +23.6193   
2015 09 19  10 00 22.424436   264.0375  +14.4796   
2015 09 20  00 36 41.472736   115.6686  +25.1807   
2015 09 21  06 18 28.785800   278.4491   +7.4168   
2015 09 23  04 29 57.785334   338.6017  +15.3567   
2015 09 24  10 49 14.128560   281.7083  +24.3771   
2015 09 24  10 53 38.217174   296.5997  +21.1294   
2015 09 24  15 45 59.023450   248.3357  +16.2883   
2015 09 24  15 48 40.744876   256.2077  +11.1923   
2015 09 24  20 10 26.460152    98.6302  +21.3158   
2015 09 25  23 24 04.310700   109.9826  +23.1174   
2015 09 28  05 06 01.038474   310.0972  +26.6126   
2015 10 05  22 26 06.910306   298.1398  +13.8489   
2015 10 05  22 26 06.910306   298.1490  +14.0534   
2015 10 06  03 35 08.896900   312.8790  +25.8015   
2015 10 06  03 35 08.896900   312.8539  +25.6061   
2015 10 08  04 45 43.808500   282.1963  +22.5999   
2015 10 09  07 55 27.382110   270.5827  +11.0348   
2015 10 09  21 37 41.398746   290.6194  +19.0908   
2015 10 10  07 02 25.909616   117.4486   +6.0567   
2015 10 10  11 53 45.637034    70.4960  +15.6438   
2015 10 13  17 29 53.826366   297.0903   +1.5032   
2015 10 13  19 08 28.791650   284.7312   +9.6926   
2015 10 16  15 58 27.738134    96.9267   +3.3490   
2015 10 20  17 40 10.335500   255.2320  +13.1371   
2015 10 23  08 15 18.060630   186.5749    7.1669   
2015 10 23  18 26 39.406360   180.3943    6.4002   
2015 10 25  13 29 17.634774   291.8972  +14.4706   
2015 10 25  18 08 08.462056   199.2820   +7.8969   
2015 10 26  10 41 14.732600   100.4689   +5.1836   
2015 10 27  04 59 01.076826    13.4900   +1.0787   
2015 10 27  15 11 03.093850    14.1779   +6.5255   
2015 10 27  15 57 54.304452   179.8375    5.1418   
2015 10 27  21 35 22.319610   291.9298    0.2011   
2015 10 27  21 35 22.319610   291.9374   +0.0962   
2015 10 28  05 41 36.268182   201.4862   10.8519   
2015 10 30  15 55 43.438348   300.3525  +21.8953   
2015 10 31  14 03 48.472626   297.8444  +26.2719   
2015 10 31  14 03 48.472626   297.8261  +26.2552   
2015 11 01  18 21 47.419408   165.9527  +17.0134   
2015 11 01  18 21 47.419408   165.6896  +16.9756   
2015 11 02  11 50 33.962300   268.0162  +20.4974   
2015 11 02  18 10 50.523224   166.9518  +17.2708   
2015 11 02  18 10 50.523224   167.0531  +17.3011   
2015 11 05  12 26 19.767146   160.9691    9.8220   
2015 11 07  10 27 14.045074   180.9417    7.4111   
2015 11 07  11 24 44.283574    22.2617    8.0751   
2015 11 07  16 59 16.082000   121.0012   +8.1641   
2015 11 08  11 43 44.360050   128.0046   20.3041   
2015 11 09  15 04 39.382800   156.4166  +20.6127   
2015 11 09  15 05 22.598156   156.2553  +20.5174   
2015 11 10  16 18 48.032500    97.5964   +7.4151   
2015 11 11  02 33 25.031336   104.8305    0.6853   
2015 11 12  19 04 37.387900    39.8738   +8.4693   
2015 11 15  13 39 49.774006   100.5749   +3.5800   
2015 11 17  02 10 21.338010   268.6923  +13.9402   
2015 11 17  02 10 21.338010   268.7568  +14.0678   
2015 11 17  07 19 11.969250   285.0452  +23.6170   
2015 11 17  07 19 11.969250   285.0732  +23.8473   
2015 11 18  11 27 13.991612   114.0844   +7.2334   
2015 11 20  12 39 29.877550    92.1545  +12.9276   
2015 11 20  16 29 01.611650   179.2196    2.9679   
2015 11 21  19 28 51.399770   135.1971    2.0596   
2015 11 23  08 36 31.565774    77.9082   14.3846   
2015 12 01  01 19 16.256618   298.5567  +14.8163   
2015 12 01  01 19 16.256618   298.4917  +14.8922   
2015 12 04  00 37 35.322500   276.5890  +17.7590   
2015 12 05  00 26 09.175276   278.4689  +11.7654   
2015 12 07  09 41 39.782056   159.5075    0.9299   
2015 12 07  09 41 39.782056   159.2302    0.9234   
2015 12 07  11 20 11.606120   142.5352    3.9645   
2015 12 10  09 05 59.451588   154.7002    6.5210   
2015 12 13  09 49 40.640386    70.7925  +10.9713   
2015 12 13  13 48 35.751366   197.0315    7.2872   
2015 12 14  10 37 16.220658   279.2737   +5.6219   
2015 12 14  10 37 16.221688   279.2737   +5.6219   
2015 12 15  21 13 38.212604    47.7326   18.1692   
2015 12 16  00 40 19.660874    54.6200   +8.3929   
2015 12 16  00 40 19.660874    54.9160   +8.4454   
2015 12 16  00 42 04.927746    55.4910   +8.1423   
2015 12 17  15 44 29.677926    45.4080   21.6156   
2015 12 17  16 15 19.395100   157.7602    6.1737   
2015 12 18  08 09 14.796534   279.9207   +2.5991   
2015 12 21  13 37 58.530510   128.7724   18.9382   
2015 12 21  13 37 58.530510   129.2639   18.2351   
2015 12 24  10 55 13.785800    33.2883   11.1691   
2015 12 24  14 40 42.722900   114.2056    8.8544   
2015 12 26  13 59 11.243676    46.0131   20.7578   
2016 01 05  05 44 18.459874   147.9152    8.2376   
2016 01 09  02 41 53.968138    25.9364    8.6292   
2016 01 11  16 47 24.442044   214.3199   26.9428   
2016 01 11  16 47 24.442044   214.5834   26.8521   
2016 01 11  16 47 24.442044   214.3084   26.7806   
2016 01 13  17 36 29.420186   109.4328    2.0110   
2016 01 15  10 48 09.526600   191.5695   +0.7356   
2016 01 19  11 34 02.860770   156.1744    6.9258   
2016 01 20  11 25 30.812424   167.2532    8.1236   
2016 01 20  21 25 39.438968   129.4118   13.5951   
2016 01 23  20 48 51.076844   127.1194   17.8680   
2016 01 25  06 16 12.075724     7.4968   +0.5963   
2016 01 25  13 24 42.844450    75.2451   +3.0843   
2016 01 26  08 33 00.338000   169.3631    7.8981   
2016 01 27  13 18 24.345650   132.3532   19.9538   
2016 01 28  13 10 39.274350   149.3363   24.8836   
2016 02 03  15 21 11.244600   142.9747    8.3876   
2016 02 09  20 22 25.741224    14.5118   11.5562   
2016 02 13  01 27 22.562730   131.6857    9.0701   
2016 02 16  12 22 08.735874    48.3206   15.9068   
2016 02 16  12 22 19.059052    46.1036   18.1231   
2016 02 16  14 00 18.547200    33.2885   13.2999   
2016 02 17  12 11 29.539624    51.4864   14.8187   
2016 02 17  13 51 14.819200    37.6991   15.8514   
2016 02 18  15 18 05.049552    31.1535    6.6415   
2016 02 22  11 13 19.439706    48.7632   13.9546   
2016 02 23  12 34 15.609266    18.1125   11.2825   
2016 02 24  06 04 44.343450   124.8904    8.3465   
2016 02 25  02 02 11.853154    26.0038    9.2812   
2016 02 27  03 44 14.643840   120.6023   16.3187   
2016 03 01  15 19 09.433876   166.0692   15.3033   
2016 03 06  16 29 47.847318   266.4088   +5.5878   
2016 03 08  13 48 10.706664   134.0988   16.1952   
2016 03 10  00 29 41.748150   282.5122    0.5773   
2016 03 11  00 16 48.525174   284.0709   +2.1388   
2016 03 11  09 51 19.187210   142.1147    5.9547   
2016 03 15  09 43 30.537326   285.9567   +3.5081   
2016 03 15  10 30 22.945850    90.6891   +3.0169   
2016 03 17  18 42 29.683250   114.0147    6.7406   
2016 03 17  18 44 29.517456   116.9070    7.7485   
2016 03 18  12 14 11.917776   220.2619    6.7554   
2016 03 18  18 33 33.371360   125.0335    4.0519   
2016 03 19  08 08 10.663776   112.7968    7.9542   
2016 03 19  21 18 45.289332    28.1326   16.8778   
2016 03 20  07 55 50.783900   111.6029    2.6516   
2016 03 21  19 16 46.460000    38.9222   16.1515   
2016 03 24  07 03 40.308700    92.8474    5.8667   
2016 03 26  03 27 18.398700   131.8407   11.2790   
2016 03 27  11 49 24.515978   146.4338    5.5649   
2016 03 30  15 44 20.263614    20.2605   15.9827   
2016 04 02  07 15 21.536180   156.7965   12.3634   
2016 04 02  07 15 42.606850   155.8321   11.2455   
2016 04 05  10 38 27.048950   270.5245   +3.3179   
2016 04 07  21 24 54.376574   114.5827    1.5160   
2016 04 08  01 10 21.236450   193.3269   18.8709   
2016 04 08  08 23 26.106100   286.2404   +6.9726   
2016 04 08  21 02 02.707116    79.0082   +9.2378   
2016 04 09  03 31 03.496500    10.1348    1.7975   
2016 04 09  13 48 28.287350    29.6892    4.6951   
2016 04 10  07 58 36.084400   274.6854   +4.4592   
2016 04 10  07 58 36.084400   274.6870   +4.3223   
2016 04 16  16 12 59.014884   113.4337   +1.5950   
2016 04 20  00 47 58.532090   260.8897  +23.1959   
2016 04 25  11 03 12.712172   113.2632   +2.7537   
2016 04 25  11 03 12.712172   113.4677   +2.8085   
2016 04 25  17 30 53.285350    41.6127    8.2851   
2016 04 26  10 57 52.233650   138.2834    7.0997   
2016 04 26  14 56 52.442300   260.9506   +9.2404   
2016 04 26  14 56 52.442300   261.1967   +9.2339   
2016 04 26  14 56 52.442300   261.1286   +8.9472   
2016 04 27  07 15 07.643350   112.9235  +19.6867   
2016 04 27  23 21 18.345900   289.8975    2.5462   
2016 04 28  08 55 31.313024   145.0822    6.9237   
2016 04 28  17 01 14.255800    65.0719   16.7374   
2016 04 29  12 43 07.278300   273.1768  +10.3318   
2016 05 01  11 18 42.201238    59.5805   +4.9087   
2016 05 01  11 18 42.201238    59.5356   +4.8993   
2016 05 01  21 41 48.590650    99.1318    0.4561   
2016 05 01  21 41 48.590650    99.0554    0.3917   
2016 05 03  19 38 18.706350   107.9886    0.0082   
2016 05 03  21 34 05.931516   153.1636  +24.3983   
2016 05 04  11 23 58.524024   207.4473   11.3826   
2016 05 04  16 11 52.222814   144.5025    7.6457   
2016 05 05  13 39 30.477900     3.3410   +3.9689   
2016 05 05  20 50 55.879522    85.3073   +6.3828   
2016 05 06  11 16 21.405762   260.5098  +13.0709   
2016 05 06  17 20 04.513732   111.8985    8.9009   
2016 05 06  23 52 46.326086    51.3574   +8.3868   
2016 05 07  00 14 12.842016   126.9225  +27.4646   
2016 05 07  07 46 15.519250   280.7092   +7.4539   
2016 05 07  07 46 15.519250   280.7032   +7.5748   
2016 05 07  07 46 15.519250   280.6282   +7.4769   
2016 05 08  13 45 01.307250   155.3071    7.0517   
2016 05 10  04 42 34.041000   118.4027   11.7509   
2016 05 10  04 42 34.041000   118.3287   11.8352   
2016 05 16  04 14 44.556100   277.1327  +11.2019   
2016 05 16  04 14 44.556100   276.9454  +11.0600   
2016 05 18  16 21 09.460150    37.1094    0.6954   
2016 05 19  12 05 27.106826   263.0253   +7.5831   
2016 05 20  10 17 12.425776   279.5166   +9.4466   
2016 05 22  04 49 12.814344   283.2291  +26.3866   
2016 05 23  09 38 21.716100   270.8993   +8.5951   
2016 05 24  05 28 47.812758   149.3601    5.7035   
2016 05 25  00 49 42.046950   283.9272  +17.4440   
2016 05 26  22 39 55.003576   273.5002   +8.4891   
2016 05 27  13 15 17.667456   121.7452  +24.9804   
2016 05 30  21 50 51.547290   262.8210  +10.8516   
2016 05 31  15 50 45.500496   124.6161   +9.4894   
2016 06 01  15 29 59.120950    88.6595  +14.5000   
2016 06 07  05 49 25.654662    81.8818  +14.8918   
2016 06 07  11 03 58.146174   121.0482  +11.9896   
2016 06 09  22 30 12.459900   107.3399    9.3523   
2016 06 10  03 34 00.237350    91.3484  +20.3892   
2016 06 12  16 27 08.647114    29.5236   +2.3306   
2016 06 12  21 57 31.220124   115.9674    3.7113   
2016 06 14  23 17 13.889326   121.3177  +11.3330   
2016 06 15  09 27 45.096750   117.0708   +0.5290   
2016 06 16  11 45 43.129048   282.3800  +10.8071   
2016 06 16  20 12 23.292926   279.8625  +10.3687   
2016 06 17  05 44 16.137800   129.2454   +9.3262   
2016 06 17  09 03 17.306726   109.3925    7.1232   
2016 06 18  07 10 42.562676   115.3730    2.8584   
2016 06 20  10 59 10.825166   282.7717  +23.1149   
2016 06 20  14 21 57.926124   288.3544  +26.1258   
2016 06 21  11 12 42.810726    20.9812   +8.8159   
2016 06 23  16 34 41.461900   154.4888  +11.3981   
2016 06 24  08 30 16.121350   284.2651  +18.0962   
2016 06 25  03 56 29.722300    88.6155   +9.0096   
2016 06 25  06 33 45.814332   280.0637  +10.8291   
2016 06 27  21 57 07.683814    25.5067   +9.8530   
2016 07 03  11 43 54.305626   276.9237   +8.0945   
2016 07 03  11 43 54.305626   276.9571   +8.2521   
2016 07 04  09 10 25.623074   133.4359    2.7432   
2016 07 04  09 10 25.623074   133.8248    2.5650   
2016 07 04  09 52 27.540524   284.7522  +19.2265   
2016 07 05  00 22 11.122246   106.4503    8.5497   
2016 07 06  09 03 15.830380   188.7923  +24.5347   
2016 07 06  09 03 15.830380   188.8404  +24.5449   
2016 07 06  17 23 12.149992   158.4315   +9.6775   
2016 07 06  20 42 27.702690   138.7532    1.4838   
2016 07 07  09 15 57.533724   282.6316   +8.7025   
2016 07 07  09 16 10.074382   281.7471   +7.5168   
2016 07 08  05 40 06.267860   282.3291  +23.2588   
2016 07 08  05 40 06.267860   282.3185  +23.3958   
2016 07 08  09 00 35.591836   266.0353  +14.6222   
2016 07 09  00 21 27.645026   271.6301  +15.8178   
2016 07 10  20 38 32.404024   291.4977   +5.7317   
2016 07 11  08 26 46.198676   274.4757   +8.0651   
2016 07 11  23 48 02.180400   283.6080  +21.3847   
2016 07 13  02 59 20.799850   280.5725  +24.5443   
2016 07 14  02 46 20.746350   279.9356  +20.8804   
2016 07 14  04 26 52.159850   275.8078  +21.3221   
2016 07 15  22 56 25.433100   270.9010  +20.3160   
2016 07 15  22 58 44.727600   277.9138  +22.6004   
2016 07 18  00 21 41.731804   299.8922  +19.4802   
2016 07 20  18 35 15.048116   275.3285  +15.5705   
2016 07 21  03 04 26.693606   277.5734   +7.1256   
2016 07 22  10 40 07.449472   127.7599  +20.1787   
2016 07 23  16 18 04.672300   278.8337  +11.2245   
2016 07 23  16 18 04.672300   279.1724  +11.4553   
2016 07 23  17 58 25.964640   272.1825  +20.8846   
2016 07 24  22 50 57.735800   274.7958  +23.6599   
2016 07 25  09 57 57.721750   108.9465  +18.8985   
2016 07 26  06 40 20.882626   169.6131   +9.8382   
2016 07 26  18 58 17.181700   253.8237  +21.7376   
2016 07 26  22 27 36.191874   274.6901  +13.6799   
2016 07 30  11 33 03.731050   287.5268   +9.6384   
2016 07 31  10 28 12.789350   100.5214    4.9556   
2016 07 31  19 52 40.531450   295.2664   +7.8804   
